1000
10
20
-73473283 49008542 26782039 -18767976 -136477870 -88573952 69512691 84862075 -101214093 -24112206
-60313300 120094891 -138143644 3522286 14780696 9916415 123198999 77468406 -120194432 -6183507
124113553 136876998 -136337017 -54058498 65361254 95351129 -25375983 121225825 116704853 35799427
8445924 138236950 -111842561 34494738 -96760554 -81834190 141946529 -11003637 -56219064 -106547731
-99236837 -23081864 65908136 47183411 103715439 -43839549 -61830380 -99394450 -59909721 -64791651
125824281 98242591 -61167002 53423451 21135863 91620283 79285712 118237063 38985531 6277125
129492803 -3588101 -110046422 -148450589 -57284009 -34164239 -73210975 -3452293 118438230 62118522
46899776 -31961494 -110714799 133496334 -47295003 32738038 -119979689 71769993 -81702215 23870846
20495860 7138438 -79178209 14859924 48547759 -21267361 135502031 -34355995 118580661 -139830036
40052083 -19453446 72933080 8469163 85183057 -85159912 115042087 139443948 -16978052 -23132123
-52305773 44569875 -80895469 136358585 30917611 -6577320 -29858384 93296501 -80095026 126984381
-90555019 16338798 -29826316 -69229747 -73279009 107330787 -36432955 118923313 101353445 -39513396
146839950 -107556398 137066891 -110921851 -63078912 75394074 -12289328 72415703 -135528193 -54366452
110818387 -41797116 -102314767 44077340 -78652205 68474010 95761222 -52579415 94322604 145199549
104245192 49913112 149903354 -6588125 -126035201 -85917557 -132549068 122675699 -128133848 -132696987
-130096916 -33077139 24881012 122467502 132658993 66322664 55896385 -52766153 -12754497 97724325
70970577 46945773 -7871463 -125644508 50777821 -13386498 -91000981 -130517133 133651480 15859889
-85133367 1670201 129815980 -61853777 -144814324 1751001 4423977 -106773127 -23300137 13395755
14594198 30780134 96334281 -25350459 -141325563 -35097905 96751341 103517364 -31245280 14260190
121992302 -27220971 -53748144 -55883369 73189039 105049230 21260350 -108563320 -83188885 -135277388
-94983803 -82634406 -105063001 124662430 32157451 -144928763 15266731 117195957 -122546574 -130761869
19079986 -114232042 57800701 143754992 11080769 -117677769 79476755 70651072 23133315 -51407263
54694411 28117586 -127861991 45131983 -27423823 122574892 -58792886 -57261187 -105905776 -22791704
-64073917 -91558886 -75803415 -104746543 -147698663 63777090 63587413 -135454456 113965242 -137979287
-12497932 -71565921 -86645542 61701290 133002066 -127621575 -56060069 89710254 -11336699 56241764
64733949 59902308 -135888647 115453610 -135040227 21630701 95735362 -65697012 146971733 122575992
122758730 100549632 -7308025 -110346845 107568560 27479890 148240618 15585825 -2010818 -42999884
-117366372 -5950257 -118366611 54705874 5100021 -113563794 -64926428 9036356 13042198 -36719498
-31838171 -116540573 -8825256 -143575344 14786918 -143555344 -92941648 29615934 -139662723 -60359669
-15493834 148381380 23591280 38348996 96261604 -47829501 -59516869 60863494 -26418618 118543942
-77655728 -107661499 146876147 -48749766 26165658 53316923 75233754 65471281 -25717321 -769849
148021068 55672598 75444799 -131606034 -21533916 -21359936 -86558943 -4141572 124347434 43908448
-95494834 132893835 134368161 37765845 -14255132 -117314331 143728035 -29268655 -6945084 -41664422
122024 -65126695 -54594380 -124662750 -94612421 -60927224 -129998502 25595966 -134313101 -94651151
-17801698 -3130519 31304846 -73226165 1370624 -141407093 89001833 -102111589 -63075845 87872546
87534084 -114512051 2446804 -87686786 40477290 -48281309 137306719 -34545008 119245818 -69069432
-33405759 134359223 58585802 -53823352 -77724211 -27114486 109695526 38392934 -141139678 -124527032
40262381 -109434089 45865796 72695571 -98274786 -102007394 -74052676 135951898 -70525577 -105650459
76844664 -103850769 -23665237 -122380677 49230782 -22743902 35635845 22987887 -71538484 121089118
-145248533 102613856 125009306 -106539712 100792812 -10606162 22330388 -35149651 -46370321 -89158741
-148449887 -29145797 -64080297 12237526 121668337 -93382773 135349768 31553653 117751836 -46894091
-134488189 92651017 -120622087 59972552 -54310472 129825687 -34777848 -19233782 -99655758 -103795401
-143151831 139489503 38809091 -17970695 -69794388 195828 -1019897 46161088 62131298 -39919973
110521044 -97750849 -140419288 61299858 -61354379 -71824742 32880548 14107810 103620431 58896583
-20629172 -139526208 -64497531 -83023100 -62372279 -142330552 -7460326 142992881 -77499644 -116033166
85232058 78192528 12208975 39578281 -106858819 36576429 86409520 110302251 144099322 68490483
111558035 16404723 -65715010 87275969 69683394 34134802 -77489956 -4960066 -118375757 103908217
-68841885 -63288521 -96101254 -50671414 -114206366 2980428 69276231 72852643 -136580218 -88137380
-59647851 -54662429 -2627237 99664383 111908303 -85682691 50516235 -28149950 86668893 101864700
-72636481 106330932 -48807677 26334936 34578637 -141209104 -67108182 -68542670 19027037 -92156081
-39814841 -59443683 142737181 107341296 -20425626 -141746272 -49000262 37494802 -14865054 -85549822
113717074 -4215036 96965101 135200189 -97298664 39919863 18702090 -53048507 149048953 43416380
74783585 -88160589 -65531997 1863484 145270575 90318616 -58133140 -61495237 111503647 20097266
-134281079 68754892 -142659791 63830196 28161381 54075172 52231305 56691745 -104622460 58304478
8033646 144135807 -20657434 -31276067 148195088 -146330642 -49330682 53265872 -100551724 -60811321
-130229703 -137581280 -70115312 84818397 37033691 121117045 43800074 2662057 -124608725 8568828
51746071 119526907 -114446691 -82389051 -45112805 -37439750 91406050 126125593 -137146372 -79985331
68175084 -116098444 104845467 139825482 30255257 -44733938 38535398 -81009756 -96133247 -44758060
53207656 -39175292 -27756869 75384393 -39116482 74944764 73425373 -42299121 140439037 -118762244
-119345722 15581576 -147763689 -79162950 -35098090 66320316 -106866638 -15537696 -89095544 -31919667
-111177047 102958720 16925486 -34829003 -14642080 41182895 -105708443 7571605 -10366092 -133640545
41990388 -128042050 97162932 29873476 62704890 144938448 -122831643 130965450 106499933 116388393
-135400451 -21160858 -14217931 116094714 -4985140 -46740182 5059518 32091611 -44082480 -140096766
-118014153 28917061 63504306 27522021 91472332 -75442322 -35362228 56094662 -14100601 -78643596
57417863 9634686 -119204370 130929194 86410244 16192008 107050901 92516146 -78139024 85109185
-60861893 139108959 28821023 4239265 -73144177 -130459191 126283651 12488134 -135498030 95695334
-82978641 -141423185 -118507063 -57180298 -23634753 -126604442 67643899 -147502987 -74232693 -42810125
-10586518 -142215186 47618182 -149541503 -2740112 20353368 46559629 147025837 -50887103 -54866558
-134283977 23515736 -29580157 -149959996 22374585 115937879 -20213485 103236063 78326130 145064801
32056314 -95542859 -125463226 39801026 -132993374 -47305383 57640586 21495560 79049355 74341699
-84097845 -140576110 144003008 49630672 15835120 58021647 -32935804 -147040693 121090514 -116405490
-7333798 -129784721 57024422 99277191 -20112601 -45201554 -50082012 96483899 -75868620 -47084061
-5132932 80196399 112702575 -105297379 59019631 9547965 -138349929 53061569 -143295340 6893038
58319207 -36630271 65493388 -131062587 -33886008 108522833 -62037207 -64142355 -23204229 -124762122
-103552559 -114064853 -117406451 -120859953 -35243576 23102686 58572342 140537558 -82493515 90668072
-106594351 132259104 -60945548 70242980 20511313 -58513739 43593018 14156097 49477548 127630512
-96249700 93854200 -92034585 -77960999 37213518 -17876417 -14175835 -68079077 60307587 142889633
-15065678 111240322 -100745809 -101713092 114619545 -83570869 75081101 -104837747 45412609 91048607
-77264030 -125437843 64006913 56187620 -125013914 45241096 17891881 137178828 -56701207 -143158798
97058530 -111931446 -274592 -122666869 -55734488 -53103474 47361555 -74717808 32199440 -51640458
43819048 87275440 -82562264 -96621585 70383228 49822153 64233971 -21489298 -134057355 -15645513
56865801 -20845821 50984658 14505507 -125569821 69839282 16159109 42186796 147660836 49848937
45364835 -105649697 -76721307 5936312 -8863736 -17184543 -110621765 146906177 38938860 112231338
-93431859 135512054 35991493 -59401018 -33225512 -77189001 117981202 -91192530 -125352989 -86221690
-90435599 145778974 114730354 -24125956 -122107633 -63077038 135982950 32963475 23982786 54673690
7404491 -143087572 -69117642 85873521 -4597557 -149218244 -112837647 36770575 -45143266 75034806
-143106148 -6231330 55957604 3286949 -69241352 -33169212 -142368777 13888332 -8450935 68030927
109265046 -101796083 -25268563 -37198308 -30030176 74469007 -103657700 -125674913 -11447663 117547050
20250175 1389305 -99645155 105051225 71198138 107538882 -48598486 10303543 76541133 73489330
-44987950 144666375 120992637 -86470025 85136307 -33611121 108795604 -91448368 -54635945 -109712537
45975013 -54550437 -46212372 123175612 -51547770 -22188167 -54607529 83928181 6358124 -106944891
66039391 -142360615 2804373 105979000 144407964 -104488281 -85659174 56504743 -85764152 134892917
-76137052 117575227 -59862806 -9345661 -89761323 -26457104 130650947 41727041 -35462179 130898385
33517859 -129259860 -55477955 126144764 -82072000 -47874926 -32838847 -62113639 -99327706 -86942346
-28874492 -18616756 134600910 99022451 -77053761 80641440 46395547 -57731476 -101759006 -146439121
76527073 86354551 -147450004 123799537 -76606326 -131602612 81188141 -114490730 -13169109 28811358
79487311 137541081 144832617 135288334 -10996682 -26837548 -129998697 2794294 -76158999 55603856
148756728 122070933 -48519592 -32769537 -77403122 14018681 -7728033 124577523 -16910376 -7022784
99872005 -21774368 -133414631 98488929 -52750973 137361946 48295174 -118923902 12786116 -149351418
-99531759 48925 52817564 -22140946 -98948935 64062868 96338530 55019294 78999704 -100113595
26500798 -49798383 -9001239 87535671 -108476511 18479236 57110542 146718747 35217166 -93302194
-54930243 12123069 90859245 46923280 115071654 -91635052 -10171250 -55522504 94888022 -107763944
95803164 -33371963 121483786 -86150941 -10264019 7021455 146805462 -80422645 -72539917 -8098798
-147378883 -114621375 19804056 -87350361 9522634 103184658 135026775 56820760 41774582 148806416
133160766 -70747418 86590479 -1655967 1159173 -21459053 -136337970 -93253692 -277052 4239693
-35330158 -89500768 -97727212 64337128 58639386 -96582546 3612802 32457706 -30439177 -40069623
-123971417 4517913 -39469467 -44317579 -141100569 -49836847 31939576 -74915223 86237274 -101016405
-98084950 35251626 -70709523 -3496588 -127839610 -98542913 -89472256 69706215 95272287 -48262741
-78690294 -103422264 21432581 -62730142 983278 21053136 -28470101 -17063065 56956641 -140153556
101959870 -1370415 -7945959 42511522 109749394 -45403790 125763178 19667701 122543640 -92198144
53759917 130029642 135835648 -36870869 27643330 -23348933 61285009 149256876 79925551 1650392
-101179472 143060869 -29524047 -12668389 140208055 70783931 -83320435 -103794855 24657914 74468987
-137696424 462130 41497709 -141854907 -69973378 -104692429 122964110 -49671496 -18459185 -77343186
-14826094 104475469 -13871242 -45711855 5034052 -148224892 -79846439 -133484788 -138248677 107111271
133605939 -37617281 20670999 -94613303 49614616 100475663 -43785679 48691044 114677917 134291450
41234792 74100750 -68367613 101069922 10897633 32478851 65139576 -41216029 -38355165 -8434998
-139256040 -42262746 84369225 -35563132 -12992639 102532115 90338740 -133232863 28974473 -93226186
-62993870 148205194 103922847 133641243 75837963 32528494 100534796 -149743040 -106370138 -13187486
97489031 -11381588 112471251 24268700 -119346504 -24001530 -125586539 -34609454 -63870340 129175168
130559412 -30527533 -11954909 3350022 69711820 53732041 -46220137 144752673 -59932742 78817915
-96010605 32955094 -62161113 -105783192 -104637110 98528499 9174009 -45755824 -8922462 46381653
-140590813 -30418084 -33163859 -131406918 27964444 -33447010 -123917808 109890247 23381731 -35455825
-51479764 33225162 96857810 107650138 98391631 -7315263 -30678233 90525622 -51495222 27479299
128173091 -9896305 -13523498 -149406260 -125647560 -144515721 -15345312 -125575266 -145525351 34972474
53070265 -18178693 139964608 -71450828 108950496 -33305340 -26955086 132837351 -98237545 121415023
70000308 8664881 -13119917 -66855087 -80816345 40728571 130384938 -72230609 11493937 -100734343
-102180854 -22071553 -8982336 -33731936 -12684105 82448991 -107983464 51767935 75594115 128131459
67535547 -17960266 96162878 -47374145 149369711 -34831009 -120994429 -149528089 2004746 20559047
90762044 79121898 -120720651 91745415 -45796675 -77434833 -8684047 30049288 -45961129 -105807946
-73955010 -85891594 -106264336 45477866 -104550495 84902514 108008448 130041486 -95721748 -145538697
-100980342 131864671 36830070 71118643 -117149779 -104062645 -22338451 -57063731 -40203658 10132342
-135805335 -124756335 -67788185 -135209801 16009813 -5249613 5327111 80188151 134721634 -21310981
32044933 80936186 -119090625 102905857 109780734 124149880 128929932 23637295 -57863675 44259074
67349062 112877937 -19726826 -136486006 -15475175 107173772 117699211 18826849 108193360 -121623076
127488680 -20441506 -62126069 -45970451 65450450 149217189 -105857426 -28440507 -97796564 -71372619
-74774298 -50413580 118668686 128641703 145269893 47109259 -137573519 -11026790 -59502960 81192220
141211471 140366129 -48968236 -127075298 103744134 39021031 123401096 -27174849 44401388 16151064
112107783 -70115220 -27147570 -7389595 -45763973 11637638 133548290 139986050 20921120 -91885941
-111099555 38448956 131278414 83123217 -32152129 109268905 -110752154 84694722 43251939 -118649858
-92069913 -118920229 -78420157 -70276252 132933492 147013272 50476140 -81627227 -72422912 -103608629
108470959 -9820454 -37239679 -11624355 89128940 41882424 -380760 -78421312 -50211082 3045346
92149645 -79339951 -13260587 -111815366 -137950570 1766775 46589739 69130948 -25110765 44667487
-139133589 -140586695 -110036538 82694244 46923033 -99350081 127589659 -39530581 -121892761 -38602173
1172984 -31057829 -63581634 -16744872 87301428 85937990 -101321113 24760156 9204125 142686574
120037829 -50683950 49436341 95413849 342345 55655887 -135354874 11504416 28587987 -7319260
-47167724 113466178 -115027361 -98650469 -96516632 31272421 89878915 -142972788 -29925921 102782865
-77046475 -134538713 127199614 -111782613 74568429 54783205 46035254 -60352327 113662647 -73232340
124731270 -44338580 -71303775 -132553103 -6860040 4083585 15353448 148899955 13048039 34969628
10439956 -259162 -29566199 -140632460 138980651 -100305694 1134357 25907669 -123971768 134181940
-115822042 68509200 -140884392 -16313852 41038919 -65961679 -86330275 -83210030 -43578839 7108339
-34919115 -21413344 -66983003 -124802918 121421141 -84380905 71977565 128146397 58211796 -42637614
-21064873 35553624 67343787 89070888 86090265 93683281 -77665837 53782151 62238606 -22253191
64682872 83594375 97322280 -5225 -6667687 -40914881 -106878642 146777514 -20146542 -121624315
111210005 -47301265 21025581 29733216 45596751 12186697 -86813281 -68489404 -120484211 19920652
54410870 83017462 131180503 53905699 -102888043 -589198 -47362938 -78473214 -72843208 89704569
-98758701 -12361751 63833761 32674008 17380004 143747527 -43916322 -119419754 7710379 -7454597
38676042 55533577 -5758401 -22298886 58754126 -70607409 97129364 -100701277 -103577259 -94867317
-472733 -106993642 -54428102 -127625573 24786566 11933086 94777381 81051336 81563728 -91066556
-98829862 35485746 -102430383 -132918741 86005938 69627447 -85866963 127742830 -39297371 -43647638
74090250 -30303645 130778417 6136255 130121220 -137304585 -109466813 -69806326 10436870 -111784402
-46683655 -133016262 47642981 -111689914 42813433 -12441765 -16942957 116912509 31575665 41458463
-49930701 -100541552 -63630802 -59650621 -58179203 -115415245 99575312 47392873 139265143 49447928
91414259 -139465399 -146413220 -57667572 -148627077 -97197763 25640688 -116453252 45087198 -61938751
-33987405 -106560816 103958416 56978266 118555383 112697632 -78181996 -100554883 99395457 -142159140
-122114350 21093711 133510296 22370708 -20754660 -86458484 71279121 -89081994 120051686 108252494
-55408300 90471000 -109505195 -146139386 99365540 -57316110 6206157 41631807 -53177390 86626362
-9344450 -80136743 10692059 42999538 8690150 114196319 -65784428 -102433508 -10374331 90373227
147458733 109702489 27890169 116970704 56696090 80616953 -69992718 -53635653 -38411469 -133819504
70106827 35722834 37872283 -56137463 -77850875 41358223 -3745574 97161469 -71652935 107109141
6245110 52032212 98181097 41279744 -24834589 -88767728 -146500418 30854505 -108659891 113133402
53027843 -105546663 132414962 -85074199 25600642 94788486 39110954 138451921 51270698 96905380
-29299520 -97945704 129731563 -90737338 -25684509 -108876975 -20934417 67854114 -16822335 -126294221
104107231 -112110171 59102944 -60159238 -5105451 -33565850 -70828247 -68312063 -23809653 -24261619
-87084589 -86590697 -144963957 54734931 -2711779 -129540673 62152778 -57909256 -11067927 -22511922
16738938 -138105370 -6916099 88478412 116010210 3071842 -23895074 -143139756 -90018896 -47825802
-13854629 67872525 -81520577 134389118 106336124 3266 -148124822 -128982131 142898126 52987727
129478337 108065893 -117368952 44021578 22314465 -8675181 55785998 -89657923 11435050 15397410
45440467 -104371625 -90425318 76782058 44578701 -17448681 97707334 -100068060 14228582 63147142
-77252830 -104332292 23175785 -72544011 23768941 23017433 -115156959 97936937 -50610400 -143556020
-8208480 -49362271 19983241 -40725029 -74178493 37497536 26201752 119177218 147559326 -132814460
133630981 -97236100 4644167 -63971844 33231826 96664206 -25771716 -42288116 -99460505 -112191074
-8615351 84355483 -12788633 118405773 -41251882 7143654 139021739 -128420487 -89792642 -51057190
-102601045 -65782273 11244407 99985974 65171681 124036805 34823817 -36015016 -48062943 89017849
147301868 15905405 117860705 147455529 58771848 -143354790 -73479379 139577224 -83673776 62352603
-32265469 -144647369 -101593373 42047986 -57038630 -128007055 124155001 86220508 -1269926 119600830
5688306 -142706943 -85881223 -118758637 -43263117 120356673 -139523389 140592829 -35663563 -110432849
106280346 -87662499 -92099898 37968353 134422201 30882424 -85595258 -33619931 -133475253 85121860
-83152086 139213836 23268096 -129309076 -5988396 -102655024 63749980 -38386035 -21841331 142965403
-122705449 19276683 -7278675 -30288430 -139394285 38988957 -148226115 35390975 99012384 -149148313
-25583356 60476242 45217162 118961546 141875828 23421182 126642344 -2890880 42783446 132581693
39981460 128066301 133577810 103396221 -37675770 -146500249 91287646 -120058297 96505243 -126983207
145648218 -139768277 -149389971 -8700756 -90499817 -63375589 -18619353 -82231459 -12717762 122827205
21031617 84575510 -87988490 33658225 -16762748 5961706 -99730205 76338668 -22618983 51812961
-45799491 98577525 -120761145 14267669 122288926 -9936702 49289313 -10871145 76333757 -79924355
-117051764 -90606694 36506248 135282213 149646139 54031361 -118030775 144599408 -30496275 138976961
136077244 133814386 -29486277 12029705 17972364 86576437 79120388 67240150 -78660138 -19099318
143803078 -77311260 -101914351 -130247331 146587572 96783281 58482985 -101407267 -64407282 78141105
12886781 -105735833 -74787454 -4555633 -97814426 -20848510 -42576755 99758232 82714816 146741779
107536692 -117224625 123926418 38761147 -31441816 52377790 65277689 -30804813 -57943593 -50121555
-36578686 13951983 -146905384 17913919 138752240 -26421099 -19697517 31243054 -104385477 43902602
32099130 -108908847 -133252756 -107462313 82466658 -47666421 -43214161 -36429508 63785562 -53755308
95187611 -28220290 -84633699 -59321903 -131819582 -121390807 -79595090 -133800994 42445643 -113598457
81255670 -5226029 -123661920 -32041088 -76224596 -15756527 83500816 98568918 20343146 132736435
81138401 -127789762 -57050058 -121455087 -13328786 -70331459 75464299 27817204 -50569782 92207465
-82453119 -105589683 -33709264 53804108 -26383881 86876504 -117585901 44635050 -65447776 -149363606
149958279 136700138 75744734 -106587284 86106921 47575522 6301741 -111073635 -33874376 28722734
-117841068 57005079 -104246648 -108731762 -146949119 -42303727 -48654933 -37981739 14197493 39545034
-8339359 -106606254 -125326177 -82426595 74643587 -133477705 2141752 -144451816 -80701727 145676590
131166161 -64079426 1991558 27510642 -141717960 -130208040 -76071126 2010409 69704196 100815639
16154760 101244388 101727134 -14713597 123523044 99996906 -40383083 80936357 -88337742 48872118
148970591 -3154187 -26317023 31767732 -14734583 -47753873 -6841635 -87926959 107688659 -104418143
-17651848 32085526 -116465577 -125694784 -117068326 86687579 112792360 92280839 -114085009 8549462
-70817945 33086461 -50164798 36361891 -108662361 -145073048 -143916373 -130406697 100478471 81752853
-62876912 -35116615 -83774197 94304505 33751340 -64833531 12293173 -118599792 -71090111 -4499467
-46427155 -16771435 105298537 -137128926 -65228683 -49082141 -27903166 -54526838 -8798479 19542360
70689158 -99491516 -27228522 149890532 141886067 659447 112098796 85137750 33023855 103129423
-37582733 -66041986 -3667913 -124229300 -93870343 -61175325 137447067 -32470764 -107273219 -132421752
144077512 125822104 13833213 114235356 -78171903 146463471 129275737 -15045747 -7380019 -74245486
21445905 -95239382 -73163648 69445486 96602609 118926777 -78572309 -1352839 16956323 121861477
-95218487 -56039477 57068343 32273000 -143526130 -95306817 101246960 -101316439 140401596 -91371866
2147775 16062609 -35400735 -121319587 -103141172 113727434 -47457092 -117097068 129353207 -94764294
26529175 27659961 -64329702 32224421 -11385540 -29369693 128756769 -100471600 -71164976 -117832335
20843410 -61047961 68511026 -82453633 44607158 -149055671 -112641574 135458692 37855864 -50646693
-115169512 13825230 -64129065 78699933 63936004 -146633302 -132139923 -55586267 112999551 -109735838
26255067 32198040 10406746 44196252 -79381852 20356721 43554466 112437809 139078210 5761986
-78249753 -11050970 24518913 -51964189 43752550 114445748 -148082757 97117948 134322645 65238139
74883949 4454422 8580671 80836123 -143732964 -145364855 46891187 145860002 56596965 42267182
94562067 121411270 -104825062 123830829 146661868 142942786 19587527 86779316 93059620 -71577142
95601603 127186834 -68769123 90200329 62031329 -105338270 95738656 63160767 96101842 -50385886
49705633 53557171 113634589 128277273 32247003 -113465181 -128437286 -1059287 -113030872 87833377
-44736167 73144501 -101425754 -15468577 113405040 -6631994 -65691915 -61233551 113848179 33727811
-135397712 8941205 -25148219 -136530768 -137673257 118746100 -104095164 40801040 2368110 -46931208
-57221984 -79269641 89545906 -28430056 -45795052 -54635392 -140146586 106651041 99914024 1793609
-9437024 -136353905 -57146241 -124206839 -85132482 67496776 -25998917 -37298693 -16674710 110215686
-130575924 142797404 -61893840 -132237637 -39093040 48710188 -119880796 -85787817 -98192773 -22896054
-81236969 -113934258 -120927685 -84848534 67193581 62446355 70574897 -24599335 -80803366 -51397999
-9401231 -84630264 -42116755 37802360 17005362 53294765 1079815 1417325 -25408458 -134626257
118174829 -67512180 54360994 101708479 59877372 -3677506 145926940 -135342905 117422645 129119402
-117699122 131979943 -94089624 149085851 43794264 52316246 104028836 47045793 21378574 88505957
-98498089 57218279 137829708 -9125569 -131447413 -50912769 -141431624 123090387 -94208750 -97441384
136735779 -56261756 30900467 99357329 -23844370 114544001 -121828559 143291745 -8779872 -114879651
-29250501 -12134899 5362315 53481611 -21780406 129564869 93598569 138893748 -130068829 -139414495
-147936042 -3382799 85618200 -60047502 -78403464 84289279 128361669 66729283 -106278846 -34732702
-69072025 -1423252 84485145 81644768 -141891554 -20318957 124717181 -145137915 -102732431 135522273
-64768210 -29664441 -88675552 -110068254 -110520206 11632889 -120780643 -50398346 96374857 149327592
143515184 -120364549 -132449534 -68416974 -119126660 -113168760 -15587054 96138899 36260912 -125567373
118827415 -110549359 -38834180 108463731 -38869587 32364137 27370455 149657563 -67574124 -104997165
32932005 -6805748 92181983 103774412 -132270063 -42987312 -115712339 13699447 -48015029 40379076
31926427 -45639334 -71501289 -1175831 129358248 -94563527 16032499 -118968611 105658989 -83367283
69279624 85881471 113218012 66796941 56847215 4667690 -97730189 -5403161 60748420 -109667414
-40283371 -42760380 51153816 -53846723 144837431 -43035569 -19013700 130925925 113359612 -18871556
-2770545 117204181 54119144 38180945 -101373549 -49342619 13607000 100187957 132968430 95207099
-79008593 -17713780 -107220210 21213658 116179545 148334854 -119515668 -145437069 81664751 -62520393
20326138 -58412075 -85873874 145227857 66631120 22605921 -102305812 -7028289 25415082 -18704099
-59170759 -121042764 -20331944 26244815 -4698929 -94685202 -18940247 -53648137 -119231012 -33859845
-103885240 -113977960 -869687 -15517019 -146906346 -146621576 80563239 134406840 147697653 21863880
7636345 -72913611 -14611235 133587725 123499787 108362045 -73179362 -49235864 79275239 118146586
-9383169 23438600 11397298 123248973 3463904 5280155 -58231505 141591028 2543684 144133525
122393144 69313248 -70151377 -134547655 -101956752 25016052 138807671 67597987 -70270003 -136331257
132027958 92437993 -14278679 -22487660 52279448 103461447 -123760412 79462133 41710864 -57768075
-147779392 137028253 -118070699 68110224 -59781537 -63780835 31791580 77937381 64505338 120735849
16107043 38326189 -57702567 -83849923 23207659 -128780977 136501663 -8624402 -72254085 -113797522
-38975609 -50385539 -63490838 47388160 -130211722 92081921 -52813688 -72379102 -24864447 -55762233
-131901275 57028067 24028122 -28129651 -92246750 -118996413 76120285 56683141 -119347161 -68602050
-39008100 40756838 -12955858 -30881234 -127130900 -148558953 22250063 120071596 124894865 -7068568
51259305 -112062256 -21239786 70721549 -27429863 -29495815 69203724 -140399581 97706203 -94348332
-67622894 141442744 17818595 42906934 -50677910 -110917423 96338706 34201206 -57402167 107761484
79965120 -89791694 -126934103 -91765086 109159228 105895403 144998243 -26297980 8476111 43559912
53273226 125164960 34253026 -76529719 -29113698 -51977838 13089230 -61457117 -110406292 -55716032
-137738109 20734439 22262904 -45051432 -121753285 -45289082 -112364106 59629696 51324196 -10519829
102519004 -5381642 63976656 34569930 -133975676 124091189 116966349 -88627923 116126584 110007772
-114738429 -5749573 -119226401 -54617049 137359416 -97720442 145200165 81393294 -125318986 -79657139
-33440198 106818227 -105636806 -22949381 -31259887 103456953 111924313 6470389 -47747808 -9894890
-29290695 -140750555 -28650892 -51585387 135390899 -114297399 -62882098 -53864193 -100312885 41478767
25006383 525720 123641791 17328201 16045245 -21711862 77660998 -32833439 -109626346 123919130
103959093 105814876 -50101918 109362132 -74046581 -149083831 -9300762 -89799607 8399703 129356400
80825919 -103508454 2617312 -130495003 11833379 -42612505 134974595 108656213 -82136390 -90646419
51278623 -148249212 -20222859 -2470383 -86120044 -22131156 -83649163 -82627502 -82640907 -129693916
121668957 -42470683 46561189 -149263558 -102045779 77572556 -29436458 55566522 112274822 -31645560
-43184951 -141419694 -58417996 -124178333 43200036 -65921889 114643949 17874309 62255035 74800272
-34587615 145409094 -120242502 -33736088 83214015 119139134 -95432022 30625114 67427767 96734056
-126673003 68217959 -35028520 115495629 129103770 -84607994 -105716754 110322527 61743844 110805076
145309698 28739588 2092677 124919639 32881203 -131658960 -129101351 -63144642 88887983 -130212036
-39788219 -144337916 -24833271 73595045 33951030 -2202470 86618566 -92999999 28460773 -54347392
62024659 -119885196 -29590618 8205502 64689366 15230334 106421858 -17090992 -137587726 -116768827
125367906 -147309289 7520334 -146007529 -112629932 19639843 130592754 -90275548 102517094 60176766
-144844736 1712823 51160639 22203531 59771898 27356577 -121859933 120026285 516775 -51823213
106084542 3253039 -56950260 -51627937 109781494 8074051 -81100126 45008873 -145388204 129838574
-35156463 -99827657 -23620904 -83043512 -64145753 -33864188 45349269 -89505716 -127555631 -68877074
38690579 47078993 -49349480 52005737 137220711 73404663 84949569 55615876 -146187311 -98588150
143752758 -143928089 111950144 56167990 -123970542 124639281 -66329352 -128952519 -142110246 27494344
-8087873 -39859000 -19187177 -51065977 6222429 -76166484 120793200 -18285831 14045810 131410683
-132646187 101235057 -56277484 -5895674 52738764 68390133 -17580339 -37414642 -73289791 -62876966
21692692 42003590 -118292611 138858310 -63377847 121657943 -72618742 -57758525 73350396 -137298008
-135661764 116166606 52634297 -80405765 -11299698 66762164 -45272381 -113050403 11655486 -119248392
55548515 -61854046 -94619984 52300344 -24369792 79550924 140854059 -77705575 145004036 -137202576
-84190867 -86460521 -30100380 -138922808 -6577576 28820444 101792682 14338555 75608929 2622792
111847003 78685645 -39214349 -127864455 64301033 18043074 -102415008 148905398 31302986 78790901
75196110 807955 -136798239 22300149 -108869927 18025783 -11626046 -72891463 46970988 6539801
31109717 142877713 -22700591 -118582391 51820392 83236062 76013945 -8060693 52301718 39494220
98527583 114276238 104205312 133077733 -9043592 42513627 47150336 -79873089 -33481735 -17945103
-8770979 68249526 -98810795 39274791 -105860580 -33741461 114019505 101994945 -36153589 131149604
-40564019 36428111 78621421 119500426 128643028 -49944716 -68476617 -143362553 132790428 -123393156
142750378 21823751 -36206083 14736476 109247502 -96624365 -35196469 -38153499 80864386 13556372
79940151 69752203 117431251 100327880 117965254 3671680 76794677 -103001682 -105209814 84884673
110926334 79066523 -50238337 30519399 -13990998 -105419536 -34581268 19021173 -57568507 105095096
-35386470 -33261237 38974151 20182515 121301070 74737165 133289062 92930970 108693699 61326500
119541347 -99457259 -39339747 106744244 4582880 -30482959 113707579 21315414 40172122 -147155833
74380851 -71438005 137256164 17100241 -100702406 -12796317 -120178611 99018066 119133141 -98680056
117190555 62327585 -12438821 -94671537 125891810 -80308196 54899966 -136652337 118210498 -90176449
92999672 -593409 40580700 14396199 -93496769 -138993449 92683209 -110855269 -149593499 98685307
-49516581 22655276 78810009 41620169 65546446 -19763116 -131401764 25784854 -50520608 -99157194
-116933358 108686646 63907667 -132634191 119470333 57165122 -121146781 8335406 -3149133 -25955930
113903791 24226491 -97823417 136950903 -51960887 74588691 -32810304 -121467440 -80941090 20339888
136884335 -109677490 -25601813 -69540355 -58720949 45697361 48558379 -20430092 75032204 60829907
91252926 48940662 88332380 137017141 -38037201 147729969 -117974199 120841600 173733 32876610
-83315952 -59280279 112365374 3013957 -87661793 22562632 94054594 109753235 100104121 -66518892
14646223 39018142 -29384362 -96594931 128430312 1124135 -48658193 125242210 -127849241 51087868
-95061049 -87456209 101298325 -131588012 143204369 109514457 -121231547 33902910 -37957189 127143592
16419443 103950471 -142056079 -123691817 -106666539 85099508 -39529703 118180059 9160079 -140313387
70296544 -120166154 -97735333 148227711 -94943105 127968369 29969103 -140513266 -131955602 -81405613
-23753753 136337055 -103950684 35562021 134111888 -25733758 101805223 41515463 6371261 -1373367
-86528767 -102637870 -9292621 -75697182 -29958770 -129197021 -86341707 -122621993 72549189 119977850
-2835444 -82781044 46965624 30577637 -25078358 -113188203 132098842 -42472839 -90174158 -70341635
-14794339 84046601 11791665 -33134851 42010159 -131184619 -97865277 48243549 120505868 -29990968
104307348 -39931558 -17853930 130788187 -52878159 -88902272 -34594599 -45092084 -92326973 -47208763
140335168 -5986685 -5858977 -60470717 99582365 75540706 87467973 -81208142 -90880561 -135248665
29581767 -46159399 -20233881 -95599446 141469348 138709466 114539279 -51115624 -24072751 61616418
-130079653 12314794 -79815815 38462272 -11159184 80364422 65840679 -48533266 -3196213 -124061082
96118156 15286080 -22672758 96314912 89824618 26956418 3400682 -13277664 -139383065 -32517566
121962387 26258684 -57654012 -38686714 103084862 -120465565 5279374 135237061 -3552802 -76874903
142418765 61115367 -35342658 -14096287 -43664085 70447801 -102492761 -114009757 -20100361 -43162527
-63229073 -119125781 -144858176 32152853 -2606330 -79181247 60022696 111588609 -105080697 -44109113
43166398 70852709 -75884342 -131897831 130866952 -149395000 143413559 14630333 147376786 -146353482
63282996 -84397296 -78842442 -136732906 -117837290 -109999899 -105306716 140431574 -107791437 51405003
99323489 84775801 50929137 -125776017 4757450 131172931 -11597988 110517082 147172887 37385115
128396164 -24332569 -133695824 -68577274 94477372 43690692 -14728047 100677527 -76345536 38508491
-49043075 3984153 72823061 34340755 -106976816 -87426851 -89915137 131093521 52741596 12489961
-147821886 -45855412 -121399806 -91109801 -114913509 -3661930 96129276 -71260879 50244528 88296290
78096906 -55728100 -144253361 36431031 11821735 29002245 -1382082 73306910 -95400624 107732594
145059077 -65068295 -77181367 -18432460 57700379 19291236 -143470293 119041079 -73735475 -87912235
113571399 -36533352 30723535 52369036 134407373 106538594 -82345318 71381527 59213363 19900053
94402184 -121831980 -139486970 76462861 -81426922 -71494242 115320339 27213225 36988834 -13968108
-65743614 -41099478 46317697 138413363 18811750 -112378837 26995385 -65465921 -34318182 -106538971
141277604 72868292 -6723789 99879679 20170864 107432865 -20159388 -98342717 -117693202 -8692047
95836642 -64431431 -132837374 -25526235 -102309574 -111381082 -64369667 66152366 -83065667 -44138108
25072288 -18527873 67931315 -19899900 10093718 131855947 -35001860 127468035 -115896126 5780640
11400050 -86583774 53089895 84631726 90701074 123242253 63749468 -27015869 130505220 18753332
-61068759 69993640 135033557 -97079925 -79388036 24302836 116670682 42703535 -83942367 -83652994
133751542 107371381 -16762136 -27753281 -44073632 -1310583 72098000 8762571 -72116360 138128179
-116342142 -14621027 -80389792 68271466 -141370918 88775120 25107534 20948386 -26311556 148707793
-43015975 18594402 -38389252 47447763 -37443106 -2732356 105533345 -126138949 84594163 46990063
39773558 98761550 -36073587 318241 -77993849 71348231 -115528918 -143531716 -14117029 42440340
-71998847 -2174688 -54024478 -95826487 -29052481 -80897292 41877396 -84075947 -145316776 144536433
-140823209 6819142 -60187545 79448600 -90395743 24393365 -66590226 -12768780 -142790087 117547968
1278569 -1761628 69634576 -109723447 63848914 127430239 -19580166 -23091242 98674768 -14958883
-47173479 -108035825 -23172369 1323087 -87137954 -33771813 99408597 24051298 -99178650 -142976647
-90192655 -60621622 -50971952 99157568 123267919 -65160583 -84550174 -81313432 -101797285 109910424
-120807247 -140336065 -100000539 -46027453 -1805951 -56729445 10896547 -73761281 -62366027 -65654524
41250745 -72733769 30323094 38311390 118652709 -145284643 -50620284 -16223116 24962255 -18909769
-36013907 101594005 115431079 -135448873 -80226334 -134019093 76136810 80575939 -149596729 -41585510
143713963 -98447116 -7320411 8898340 -44100016 74471673 -33674238 -58310709 -131106991 75894763
-103967706 -122038093 44717372 -149789365 -122769383 104981280 -72227203 10537886 -46803167 94785321
-44175569 -128658501 -31833338 90526956 84855093 -133221046 -119692520 -62637253 -102359829 103344093
105787231 26096676 -112495649 -149531703 122476901 -25386090 120459698 -100917691 -95211231 85920342
126525897 -98486220 90933468 -20040866 -41493695 -61222416 -79434962 -83732081 4469779 101444382
109487793 11269846 -74712986 -121667379 73513324 -54670513 44476239 2325142 -34747830 -57752187
29756542 -38053001 -131096668 -130738234 90342536 2413772 -92844643 121723400 111492291 2727850
1384193 89763672 87761220 -25998458 107556852 -6749012 -102863018 -18588740 54646564 107392599
45918148 134319186 115864461 -107103706 -102119018 -46225801 113927523 33929304 -121994477 37827843
-40920987 -51243023 141884995 -50134569 117215013 17730075 -130465417 43374535 -84916647 -92895749
137231532 -112590862 108404930 14825001 136933702 -74339382 2686815 138603871 -126377814 43539719
44543370 -10252926 82102710 8580031 101493098 78243001 27178830 72209933 -78488880 53863538
95434674 48603551 56175459 -101666362 -116950859 131035008 -106880597 119051279 -134664917 105191729
-29212189 -9433879 -13724152 -102213775 27342831 -113792225 -80234041 4861287 -123727486 79566159
83571344 -136802305 -55501313 -78608787 94252247 -144181246 124897775 22767180 -109743884 -130579359
25351906 -138104397 -104794229 82330644 61672303 138539028 38055752 136876336 -58665565 -51032907
58459712 17274454 -131872007 34249761 -78040489 -47333164 120585938 -116853728 17409381 107983694
144384059 -49627908 -70668514 -82665497 34301357 31097370 98635055 83529637 -18176652 -4446346
9296017 80745889 28745847 -84801737 70774844 92322648 116536795 33697742 77027719 70189098
-24834538 -144059073 -89719077 104918848 137857278 -27855557 -68209723 -92731622 11849978 -141646160
102180727 58277506 11264894 125808857 71362916 -137829709 -92666463 48466838 63607778 15600428
-10760954 -103766648 116146632 -5194194 113335817 -92003406 -63113142 -71400557 -118618592 -117562358
132405531 80844562 29168925 3505415 -143014018 56254281 128707518 -117889830 -87674803 91786909
118201817 -99080888 95395971 113986065 89565598 60204155 -143210081 24577360 -53579667 19762273
-135650220 -113914107 -68196385 -19659153 -3408802 142908922 -41092884 149145905 18752355 -37081171
108278789 -55116886 -56936459 122885402 -28880668 -107030791 29257154 66890134 -126519714 -27519887
131655193 -9721743 7809526 149033451 -63141415 57537683 -85942701 -733855 -60842455 -14251171
-47771418 113351196 12052817 -42606912 2674867 109277926 -10535311 14983148 50489935 -149093075
-53376972 27055845 -103313076 107402882 -31147594 -116824663 127577070 228994 67041938 105135775
1462319 22360336 105154230 -19569499 -66389041 -15442864 -35841879 -27663611 -92931570 84574422
-96747468 5020931 17212937 114805747 -53436905 -23561519 83120477 -111003201 -59879855 8359904
64700227 -118074824 -113481543 120370224 -133725955 -77167287 140332051 -101889075 75230139 -137036937
142661828 -4601216 -124570388 -4322752 32875305 -85978674 -120564403 -65181376 -110836579 130869596
-1415717 -148619015 39969848 36792933 -41298840 144411482 131800213 -23159843 -92872832 105930128
-34796368 -1757584 -146046223 -117590808 -53795651 16793823 130424721 -149707305 140602198 111727438
-111306257 125818294 123203992 47852534 -145351710 -3142088 48605088 -55630079 25751048 -111034359
-96212631 52366273 45307618 104221990 -51082421 -101517013 -72672879 -28396040 -139371100 -124104186
-24539101 -865734 -43692868 16891485 36830529 -85832995 -35303629 91652571 -17642521 61250230
27340176 26317513 -2360803 -5244960 67203794 45315644 -143429639 32301537 137614647 108658331
-90899922 40610879 -37364342 -115575320 -32086481 -23122209 -148803375 -133350401 -13618126 -58103758
-149318773 -88828143 60605637 -86711358 -134195678 81559889 81695977 106107365 -42780295 147371630
83457788 61711331 74172141 134519362 -68186135 103968531 -60485409 -5506075 -17803967 -31806561
104802620 7968805 123456063 62467660 -70426589 -32207247 44747506 -15069532 39361245 35279844
67938870 16721719 36223134 9052720 -142314304 -32581896 -17544755 -63613920 146191321 -82611108
66260218 71649054 126137898 133194885 107759508 122258965 147451516 -102793190 -21131434 -133707451
56095568 51505726 -121371863 -31522063 111437930 14830201 -83466519 -96843554 112376944 127660159
47646374 -129039984 92550057 -991398 -126631334 -98941443 -49152485 75070937 -15966370 -57323614
87314569 59976682 -49453829 -38689255 131623500 25007100 114690386 -115001920 -135759039 -63269572
-136104075 -94601542 -118318793 -37959060 51134987 110311892 103901103 -85179981 -64316985 75330325
-19993576 -9282233 123329567 112648764 2880330 -122936703 -67813827 22213056 -121379771 -14571907
-79933157 -75568975 -123983569 78512279 32305718 60283764 -73236949 29910088 -66028772 -62089281
33490477 -12436736 138063410 -123799247 48797997 -78328648 -118751789 -101773871 -65220659 -77129381
-54158068 119010178 -49740745 -135227265 34513795 -3185379 -40060061 -128184150 -9208092 -108374771
86466581 22882519 146391952 1439096 92367937 -115141751 -105748894 -139815283 -146621125 22249682
-51046714 -43979388 121723506 144742777 76920342 -102535617 -70175480 139477554 97071635 -21580145
-17316354 72565162 26231736 2696788 -145196632 19148857 79817004 69071662 9419558 -58875862
37861152 -87020783 -47070779 127212232 -85713596 98894487 70963754 -50807991 101205360 27176185
135009284 1647593 -81797360 -95224390 -20589023 -27511715 9005495 -41515369 106501205 86575728
-113198362 -19823126 13883468 113513834 -117212267 -69745166 72960148 -52299147 -132032126 -25215999
-22054323 -149103158 32260069 4696134 443017 80797809 -10183958 71028972 99240100 130811537
-118357428 87790466 -85137198 -68608574 -17969585 127725542 100869104 -61002244 47002233 -12935112
89337829 -45535738 3715804 -13512819 -104765972 23566424 9922665 147895580 -29646768 -29294254
-120212143 -122555632 -133985633 124583767 -129641357 145350850 4633676 93456109 74519247 84670626
55054244 -2921920 -4444022 7251109 48935310 138235378 -64776656 -98689323 65618779 -35680641
122312736 128389484 -76282817 -8678960 38111981 10953123 -36472725 -11465400 -107400970 -125048594
148314704 -70666303 12339985 -105180510 -76145090 -77743486 44337422 149599269 -97960482 58716089
45407101 -44455243 139383286 115542220 130727698 -85520274 -117028506 34151935 49952570 22435744
114192058 56937379 6516092 -64943108 51103510 -126489088 -135666930 118935416 -1100088 -79921553
27775351 -117199914 -50260978 95576782 77313963 67501174 -18970650 40074236 43648273 110531654
104400850 -56389451 -36562460 -43992429 -81963344 -6668976 -134679013 -60332801 131355536 -14956827
68705153 -53771723 93877586 13432628 -87414708 136419515 145949532 -125201283 73956949 -82382762
897701 43570022 -31199169 141351059 -139018817 -74811820 548514 -97706313 -108400103 -89390094
148722647 -49463800 -95872111 -69378573 73711394 -96493759 102874505 124860769 100754410 137179594
52377276 21133096 120605775 87271658 142784536 -16368512 -73421816 47390216 -102925729 -76864337
-131511084 -246851 87440245 -98632190 -120903862 -13177443 53688886 -1711965 -93384200 -147464835
-56598372 82952717 136562544 123054100 -67805619 -83115166 91390033 -116210564 -11896511 106948069
-117177487 32940997 17857938 62550981 -96974764 95698184 -45463748 -37481575 106894383 -28067018
-47266890 -25437942 -121506406 -87904873 -62808256 59228113 -10807695 96358492 -149358700 -65784588
72698087 -104207991 -135864437 -94622090 147468658 129093763 111056899 -124165978 -14323267 -84868227
82444014 -110081910 -136537458 -148918588 71201898 -7870010 -139174743 -58270167 -40659021 -135673451
-63214538 98958653 41317371 19707101 112997314 -44055363 -85111176 -7661518 1423009 108164109
149810852 6453071 87034655 38777500 72310126 25785226 -22952423 82855439 79352470 -79022335
-25830582 61063242 34695378 -144270558 -144865492 -83487821 19598147 -97131257 114953812 47882424
-147908064 -8386144 -71933999 -98253100 85814833 -50330092 -129441093 123170409 -17591497 -124316652
-72942387 -51012943 -12057727 9280255 -142357639 -27118423 -147812576 -56580201 -119773504 116686760
120605198 94964602 -28281769 138393278 -136989412 1906443 62267811 67383692 67197434 126307634
-78960959 147545884 -40144416 102090526 51831424 125662628 33885236 125570006 140990291 -129456999
105864876 -120815089 -70067212 58477433 40290696 19297300 9604880 110540586 -107948554 -110309128
-131910803 65381456 5051417 -81168952 137988140 89923286 117757263 136359505 -111005650 -120417394
27808535 -88424373 83456261 -33254705 115716205 -102144937 -39101740 139268702 -128435605 72088876
-45027386 -6366579 139557013 -96923238 -24547894 116516960 8755782 24171771 78396556 24886324
60254869 -42444453 -91921994 144159743 76065468 -24473941 -59601766 52911064 54948677 8305691
16402767 -125000300 41157314 32769588 -73499901 112571035 -108091210 99369391 -99847440 56156917
14529356 -134692729 -53260461 -134091850 124939492 106093331 1337174 32454412 -107276477 67555910
-42862780 -141841813 145583368 -94126677 -143509009 88389119 21800650 22174000 -55567442 58358300
-28792071 -124665874 53489390 -33952060 22681653 -94336239 1218017 143207153 -114489199 -33773376
368809 -97619044 77639231 -58030419 -43476378 116845815 -122129008 -117054504 -82021693 131815431
-112355756 85444165 -48838884 108286622 97982088 -25294146 -26063072 64582188 126800459 14803658
-149654169 107399144 100951460 -108719986 -46349703 47526582 -100405051 114766707 9823457 26867426
-127308646 -67828583 81544043 97945718 77093515 -57236814 -95442839 68295524 104712314 -55903427
-106969510 36659819 115601887 -44210674 -107230989 -35941645 -145882939 100709154 105678126 -91171439
-85632327 57440383 57810062 -101790420 24013107 39272474 129765098 -129209986 -106912550 -49301562
-110684244 -8372231 140003041 120190818 -125378285 -27566228 110733623 -38403834 -115588371 -31784509
8583003 -18706587 139492800 90758807 -133829579 3798640 75418065 -39353618 57925388 -104091972
-80338686 116143874 -37731124 -98427095 -70457383 -6768276 105030069 47404595 16344007 43922356
-90065329 -2759921 102812460 -117733127 16248692 147606919 29746261 -42621838 48410469 -137335460
-78262060 16880919 -7683097 -49095707 -25362504 139206225 -37679628 19663150 -75618991 -30783740
94571439 122813056 17239283 -35521053 62079856 122740747 -86083163 -148539312 -105935012 -25204388
-61249605 58645522 -21009643 135768529 71199529 23874112 -102578082 -43475303 -99350911 -121192385
33053194 -23614652 106249167 -2896153 44989560 149905407 -88192410 -65653001 1930420 114693815
-42808773 22139961 -130086075 -124164564 -45677495 -56011717 -113985203 94367131 -134444696 59653005
44242478 51842188 -2453191 -102864973 -8876221 -121358327 -111000039 139836802 27264831 62324055
-11238950 -103195212 -109747539 115495667 61989444 -31588198 119179321 104930234 -94122301 -27418289
2085040 6905513 -33271870 1292610 43198135 88133090 -109009633 98438354 -28634121 -56474652
-109976784 12920917 6564571 -83474968 49370572 -98844847 72324007 126020485 19146443 76064865
23974507 4162261 -119275564 76257059 81315707 5697593 -24190138 -57643417 64865775 -104135578
-121770302 102251251 122819185 -61294600 83942228 11664644 60948564 -120810536 -104591883 26580548
-126376279 -83769181 45780212 -91656177 21442970 89412376 -87028073 -127928828 33920503 -70205373
-148188346 105559103 44301861 -97637837 21995812 -149268424 79783770 -15946237 45601258 -48020678
-143448080 -29016842 52967106 113903254 -21892137 108931684 -21462482 -81990829 4519900 45394659
-113175801 81280638 57124874 73761530 -58015936 93924360 -14427602 -16166910 -23393878 -94401514
-85447153 -102436523 -122795991 110185166 25981285 89959392 -27336047 -69072762 124916795 77080480
-16365845 134069571 -57930868 -123167056 138513372 103337280 -119292944 15437831 -86134196 -31137283
95843335 91677533 42261663 133864974 -63740967 -38362456 16228760 138187733 -99746844 -67051800
12257446 69682429 -121774632 30511270 55787807 28768830 -55482373 107674739 -123702947 -87847145
-149282528 -42068813 -90280309 -22701292 -29371079 -24290104 139469721 44179527 139933093 -109462345
11209965 -87076851 -34871289 35606377 -87310418 -27948982 -115707413 -22884999 -147227472 111998124
109517745 -69548780 -77392680 39117460 97421339 75646430 73204623 -131501192 -112845719 145421151
30453447 102105350 106667522 -44614239 -86950948 -51333684 128179365 -132487164 -21506234 -6091940
12802616 33715010 -136495274 -85670730 -121092430 22583661 -15849233 -48293716 145725117 84262496
7541454 -137942334 -80450319 5749499 -81427814 130232973 139875709 142217272 128480631 -32679036
122692150 -102142955 94387203 130916633 -6636442 -62902592 -104527670 -86202402 59358254 -86792345
45357573 13235086 -80043043 -74213867 -63780364 -29129042 31186585 44830929 -99302710 -28644227
-122348246 144996717 -18620383 73357402 144335753 67878438 42774473 38903945 129610531 36165688
39163072 -69978246 -93239635 -41008487 67931446 88144937 2282098 95944147 132425399 71220610
-11891048 19915927 -80847997 75254092 16900285 11505648 -43584822 105394434 -44861024 47530330
-121042364 -73411051 -124600952 -69937269 -57012416 61130381 3146066 30882528 116726213 78322685
91888886 100590380 -122704227 44272677 -33979016 -101181687 -21924309 -51448604 -114284325 -59281654
4359983 -83048828 130975041 -135224701 -18940611 137039000 -64563037 -128422559 94231071 -94610306
-85241047 -83611749 -69454954 -61055124 44054463 36851907 768089 36845020 -72628271 81901208
-21779926 -71716069 -36037320 143530784 -114960589 -77157437 -39204695 126800222 109572925 -39787919
43430436 78471204 30970187 -91470082 79615574 123416469 -137604271 54324323 -77798912 -95710001
71338372 -92078561 -20682025 -99017022 95926168 -139583576 77319201 10497744 -149803380 86318706
-26533245 -25564927 85630929 14255606 63102631 -98156611 -118848059 -147404722 -117259003 -80663436
-132857309 -39845673 -67457097 20710036 -95091614 -120029203 -130616046 -1965015 29780476 100393018
-140362279 -111733933 44962967 -84589141 93593869 135520460 -129864968 -24604441 -49306384 -79772510
-78204057 -61830196 23574998 -35128745 69999617 -10746268 83120903 27655317 94985162 -93293797
34996057 -32760674 141245529 -32768698 7701868 -121362232 -129884194 28826763 -29607975 -57948495
-41515592 -122064085 -56945880 -92998217 -130748581 -36849451 -126770121 -24723239 -23935115 149867706
-58702798 85936404 -13105459 126800552 -683552 89849310 -143577087 -13422526 8654197 -80251993
48596896 46629734 -86451773 130201888 -66463670 136115388 133676262 107026579 -27632214 115759690
5039427 24177045 -111979389 -85811639 -58066405 -65897176 -92194431 -142951546 -54341581 3137428
10080889 -22668818 -19590442 -145008128 -85437533 22105563 -44990154 100505968 47572565 112433112
139586581 -20560730 -61143784 1420365 94740951 2978529 -147838162 120189888 47598283 104963047
84603548 -57492427 -54663613 124128193 22620453 80258403 -81224609 -52099453 84439887 -87949465
-55242550 31692640 51984116 6948599 -41822996 116423109 -88057343 147768442 -9067425 149600732
-12544632 130241921 131724602 108695143 -109859977 -68034874 -143853199 44704501 -48823621 65871661
-134684531 11763594 -120839353 93172414 -111507150 -116857712 89769887 3890783 -99693421 10816771
111843437 -91540227 99642096 -75052803 27071598 -50876693 -41495867 -15955602 38161070 102679961
49285853 -97926257 85519498 117430751 28430109 -104018094 -7211485 -130624685 83114547 -83844296
134227575 -85523723 -109881619 -112604007 -146578022 120554754 79160753 52052916 102057792 -45891919
-112090359 -53081048 -128593583 -38038565 105096696 -3560327 5737872 55317368 -46967013 -50162264
7849245 93110384 -67838288 -24465096 -91144332 -127589007 14936560 75124803 74927587 19170774
-62842767 -8920611 -75486016 -129251121 73312768 -112619392 -61757310 88194825 148143935 131061429
45088225 -55974276 -94626127 50045284 107839975 99754597 -140498681 53085428 24827905 -141469810
141689189 56209914 -99445873 -68539963 117085567 -132954880 61916643 60579076 -147149562 31536017
-109146782 -18024682 -23036815 -93982587 -55318081 147539307 50377951 -33712559 -112525669 -98654766
58835720 -23057305 114159250 134723752 -69036280 -34210686 -79930880 135737714 59652817 131428558
48058510 -122464249 -10478061 14318746 -76429876 133523913 -44230209 88612140 -111554533 -126918791
37903057 73247298 10171463 -2788713 9761993 49076863 -95404591 73250052 133939441 -18640588
55605260 48128333 31514961 -108363282 -97626934 124891584 -31274640 139479819 -1163988 -120443883
-65297016 2679902 64005721 28570302 -65973697 -19022719 -11590729 -71882129 -87021749 18252579
-118182909 46991169 145857243 -13381886 -1164682 93944180 -107470998 -91106491 -148194798 142566491
85385394 -73212535 9906757 -45302709 32650851 -117947492 118874671 -78980757 111878169 121495666
79892239 97545457 142150747 86570599 -21622440 60863261 12892637 -3838747 119338479 100520057
-137013075 17689545 88185958 123156114 75206670 10160641 -1406821 -63125862 59048715 -59703908
-56211749 -83215388 -113265128 -125979952 34056099 121560818 -51846835 -28426709 -28272205 131047091
83978547 29608272 -80555440 114629472 147853422 5557813 9988052 -21195811 -137818675 146476875
97117941 -102124108 -32827875 24475889 53664684 23402373 115173717 -61440604 120646258 -125558079
39636306 -27555338 -58315308 119865079 122114237 28061173 89426499 1548273 -80452976 114674071
35264234 6169074 91090317 -144031328 -149107750 -137006516 20097805 34800739 -126138868 -144728687
129268984 -27522024 -3064576 -50145258 46828253 17736430 2101348 72271620 58291560 33256642
90510434 101083739 84688392 -45451515 -12204134 10319609 111254009 16492724 -27031392 -97301881
38793734 -67379793 52474422 -2497081 -2899725 -78917138 -136382695 81956614 5516445 -101550934
16410564 8409873 35520998 -30813487 118057756 -144543618 -23756543 131832925 18390223 134841588
-42577244 43592275 -57634648 95042667 -148406230 145051571 -99251654 37521618 72988758 60376829
-133209201 147634617 88040974 -47223344 -29439344 30371131 -34146525 43512752 -18944244 62414853
-26421138 -72554580 -124367715 102668722 -18672787 116406030 -140439641 137913043 149769552 2953641
-89216378 -68429217 -95817542 -48952799 -144846005 33519063 124458173 -8082689 -142887932 -90754016
-27640957 135640309 21481983 -54686746 139084131 -59712686 -12280003 37481072 127347553 -25276382
-66875020 126407237 126008458 -148817252 5224492 -45385287 107027950 22916907 121199506 -110741667
-126159230 -2399197 -62923485 105148544 137514398 1088773 -115483220 -105998756 -127396749 -109994013
-98705680 30416171 8942749 129132785 16863467 -59014136 -122869180 -88819991 -38674576 -121826465
90726346 82115049 99130426 -125812913 65267071 -125936061 -131312947 114262801 65156266 -67573169
104176349 -16795127 122464366 -70930012 -128373130 -55293047 125351093 13662694 -95605523 12762550
-125222984 87914293 106090666 -137225880 -1642679 26037006 -40372958 -5105023 68746020 -134373415
-109164457 119039724 146322969 -112187630 -84076230 -2541568 -45869858 148414669 -123626863 124245188
-146162535 66786327 -102382177 -10014402 41871241 56624236 -110939736 75803088 -97282631 -8107954
47826856 -3326554 -148445759 43084841 -73518951 96482802 -63236395 -64652264 -25809453 144516548
-94429617 -134637842 31175691 -89819106 -16988042 94040191 7754206 68501263 142167136 6106103
117913780 -84235728 133596352 128480118 93212811 -61451460 96876038 -14647897 63639005 60981472
-111157048 -138214475 -3324479 -63320442 40152362 -38818781 -133011006 72724221 16640292 -31545158
-48729418 -23762382 76419153 44359127 -60635608 5222318 -139138095 -16274310 5411937 117711132
-106175652 27917025 45635315 -18795576 -33326584 -112005029 127059388 -20627948 -34714533 -138346387
140334426 65241218 67019717 -149465456 71701344 -65284716 -81613301 3245774 -2967091 113007179
42728376 -52499184 -20637168 104760810 -147078814 -61574724 110586964 140199723 82738465 -28449851
-24474082 -74706441 96815215 20290874 27044005 70633942 125380095 -129542730 53817711 53694110
-113513118 61809157 38042501 23565534 111543849 -90319676 -83528924 118840192 33797411 113816825
-4591055 -47769763 -85844120 44370321 1653876 64660120 -10375413 144607990 -143024415 -147127187
6884836 -8381192 -141073012 45116988 -128038551 -80764373 88028190 -86826361 -135570133 139119973
116393051 118097549 -145098804 -135902475 -122036020 15933565 98510208 -135735382 -112668589 -676846
61683425 12178576 -13660604 52024103 -138943946 -39288069 -55966011 -4331390 781363 -71464890
-128313356 34173589 75032140 -7446368 13435041 2611534 -73456536 -21680876 21970883 -26404320
100916548 32229669 -80369758 -27171003 -17326198 -80245653 -18265518 -139485143 20939705 104175973
107121160 28074381 54601264 132840231 -20694133 75845957 -117320462 40655449 -23082411 -12818681
-83656554 -104044519 -6088237 -38214278 -64333738 11006640 -14127842 33928614 -128266054 -34917305
-115501776 -104420550 78307020 -109734497 -51335886 -70651632 -149079893 -95959379 106059836 107659757
100121997 63943511 133133485 111049619 149634037 -140605438 54425551 -29414622 132882939 54288460
89188235 -60472775 74761434 -44961627 -107451726 76323012 -50281494 -4422170 84251035 64385878
66700464 -131763362 -55377056 -94454987 -64162344 -37047760 102131917 384691 18414924 114876286
-84573663 -82289467 -99164063 -74152064 -10018163 53719849 -63180597 -68761678 132761909 11720937
-104952659 27116176 82352608 65134984 -71247691 146810329 121707494 23274379 -11297524 -102225748
-104260585 -144807793 -28990650 -59374281 126681918 18840694 3679905 -109383111 -99685669 -27093187
118679268 -26015172 4996736 -30888407 -17933497 -106281421 6586859 -111053848 -86124050 98999476
-99549792 110901180 -46608718 -146516444 16967816 27499330 -2864731 143166808 123566067 2938122
-95328992 -134160690 17881776 -25029452 -92178510 -122664358 5025663 -76712028 102884792 -84822384
-32515548 -43812870 -60481931 74501938 -148842878 56339193 55868044 -13652651 123925827 63687943
-71299169 21912332 27071134 -11681842 -109453142 9328878 89570861 128473405 136647036 114682294
-22695919 -66109667 -73342183 -45182989 -106133454 -64494236 74235247 -100611959 -38414125 138426860
-12312824 43661800 -135107056 -85038815 -71253228 -91561185 90246053 -55314110 -97599587 -130341891
-23192177 -62943341 130091415 135257989 6500848 130088735 -110771224 -107577433 36339286 137535189
46560937 -89089783 -38688476 -4637881 107697356 -38545582 63899235 -76929162 -125333022 99662045
-148652370 -6518326 99400005 -89123737 -93899207 -87605002 131795426 38396574 -45608947 38172782
63070833 -136194943 -44548981 10388646 -31998838 -145283056 -89435171 8176410 112084831 -24691679
-113250369 -30130523 -69353141 -24112317 -60139191 -133758199 65770626 85355835 109456508 87396602
92204283 -132142043 -114765065 -90472870 8172769 -107954224 44360940 133380276 15858863 43315537
119494116 -51277942 -56576512 -64051658 -2740505 -31371269 127756882 -22040566 -5833555 -89396210
-103957998 -11989443 65610180 -94467182 -95318071 -90872479 -62359321 97023726 76770590 -149289300
63918523 61424697 93004340 11514847 -34061868 -72798001 -88277065 53197879 -115123130 -35807569
91472693 -83736468 -122345914 -46368582 -11628990 77301790 -114191632 86993754 -83018642 119180836
13127505 102587398 -93628486 75930206 32939676 44764094 -14337244 43198322 -47105914 55690588
1855622 135174441 -149148508 -105135190 141094686 -89382386 38802169 52324140 139532531 82153171
-78829391 99460911 -63258936 29271798 -11590121 71652118 222094 105137248 74529596 -50478965
36129820 -63027792 123827893 -122120229 -84273220 -100853976 -111140014 37124582 65626750 113286043
47418674 3420029 37302183 -55237068 -81497653 125581838 -147196189 111160663 -11583520 -126163459
24599813 -141870703 -113591916 69463695 142403602 -5144190 -40115991 71917687 7031243 -142796408
105288749 85799866 140241381 -48834019 17709271 -120209699 29384578 83918574 -128438132 -23162922
-146121408 122586676 100779628 914925 119756117 -14767281 -93213362 -127457408 -117164561 -138510069
17632508 142966640 -10237569 -79954400 -70122003 -131948427 119607538 -119660898 19184812 3671364
-11422033 110169205 79577044 27861379 10474609 138774364 -13721175 -4880875 96721185 103830449
-68461456 3402428 119070949 110177498 -55491312 -115376015 61776505 44269353 37475158 -102116572
-116647917 73924807 -131019320 82378502 100301795 22646746 -95192884 -121497587 102560125 4707715
136058503 10187235 -20397196 -35337242 -24790174 92056710 7594361 -78651007 -17258195 -109368170
-95364401 -40078020 43479858 -39521347 -111576420 -44410970 147300505 -1888167 75183597 10484342
-36922624 109454117 28505939 -11718944 2698775 17305290 -29373238 107400477 -121435581 75914999
-56670039 -112337821 25928807 96218508 129164266 -54539225 43385080 122713503 -133130389 4518479
-136716717 -143618390 -101938769 -69213766 32267664 131422379 -36646221 -48335295 54313730 76896568
93979865 -97282359 -80010721 -54797836 -56189585 -148450103 109026618 -36293383 -30705072 -56648271
-54472506 -36588041 88223346 -69281732 97129444 -145368437 -103756057 26724616 -74818779 -48332394
-49495824 53965033 102497149 21885453 127700100 -55018361 58517409 95894125 95078784 -142911637
-142789619 97726761 -102943147 19201178 -122250484 -113942970 -24593815 -90164381 -45992994 81818355
-100372953 45524367 -88436752 -135822295 -96505669 26590892 56773972 123632422 -48964834 -83772126
5734264 -122604990 126944055 55257837 140465377 41328545 -143667765 -34464155 18517268 -53721574
-45152001 45422593 95162676 -109387211 -75095422 -31786640 68080551 112515031 135069474 74327758
-95028092 86825749 -86387839 -144433652 136487398 41693096 -22042725 53796416 8136073 -129522243
-9100371 118458236 58388371 146998984 86351683 -27642339 130242509 120404932 31481720 137690741
-81439102 14277774 126362721 -147451978 135821457 -46161164 48772149 66833635 21615508 119717270
143249973 82976195 54025712 -136778477 -123589544 60791173 -24932067 -100013384 121295047 -117128398
-131635864 17999042 -61717253 71746021 -53451840 -21836387 -94858167 -141437243 118811670 -110070335
-2339952 109871121 82511888 91981610 57762292 -135744281 78864460 -32643473 127519609 89110864
64080067 43234643 -59993262 -49480049 41346935 34183300 -127171323 -948375 83401832 108106170
12873156 -1278188 81840130 76867508 -99005769 -67009535 -85921197 57413072 11235413 -104839053
140207739 101459045 105684151 97111138 -37518538 108765102 -2676020 114084780 95278277 27071546
-114132152 -47123661 -17245467 -77163115 -37950762 119320912 -6836974 102186410 97049452 71387055
-108319166 12280194 119472262 78382478 -116959862 138241964 -79503199 -129698442 -119200246 -22624327
79458457 34578091 140283525 10758884 -56982416 17793364 85235443 -13174202 68467354 -126176371
-56651696 -43493966 139617365 -90310108 39049572 41855235 60718002 136097460 -21186471 73599870
143635351 -22555859 -46240139 25067819 77973303 46115893 -77079386 -127206331 -1009615 -95828854
-26601137 -124912731 20557281 -148567366 -66308206 -113186401 -100639479 -45293087 113839610 92314195
-51715064 -54424449 -75274698 -62197874 24285188 -56766103 61383836 -43154250 35573214 143057289
-106960712 93070277 63493583 -90262669 17678740 -33186863 73669473 -65669610 -119566156 33085673
44420426 119880395 79441617 -15430611 997950 -132573034 114837824 -135091963 -148312554 31520559
-33295250 43534270 -56890893 35374655 -15986558 76012743 120976363 42799141 119876474 58250207
28464361 28685841 -111544698 -80343679 -101176709 96338442 107184257 137092708 144214757 62666668
-33100068 128394963 -82297238 16783226 40663322 -42217041 34237627 -132765739 61333207 146375200
38069341 51808046 129341073 8543539 98312018 115480595 133210042 -128566870 89687800 91144835
-94695006 105222018 -132029491 98910870 99454300 -94315786 -135310161 98594400 10708931 44910446
-91347918 133793438 57188626 736252 -24658519 38622425 -147256579 -36326285 141009156 -76297897
71097113 148235618 37011318 -22560359 -56442170 -33010495 78591290 144043553 7411405 13116249
-141348813 116164027 -41683226 -57006813 -53944141 -68293273 -115409645 -7721565 -3004937 60660181
-143217294 12793831 41239283 -43878044 -110368334 7887809 126783719 121678277 88989320 -128027615
5847425 -20456552 14854158 -93890061 -102991939 89330664 -143468196 -4414328 129723926 122692521
54844010 -64151377 -11356264 98408632 83025612 -33255980 -111197023 -109979537 -2369664 70034179
-131508687 -74218234 -109019566 -48446660 -67926600 -127992988 15378734 -35263776 -22348106 -43706000
-124821216 -26777293 34543438 113666521 80513385 -145318877 95719158 -85594953 69710923 -75639658
36058316 -134680285 -52109563 -42420060 -43494959 56611939 87165929 -4718938 -7519115 116977807
114118155 133327258 -138657441 8356871 142039505 113467482 130829826 -2732557 87214247 149144864
66696225 133983462 -21486772 103436519 -26023697 80825188 137568902 -19601980 39545253 -37703563
-17057863 107503769 141741641 -28620433 -23680689 -26494820 -138432975 87671903 66238192 1190516
95158466 -145996752 97460587 -123804409 -136998369 50414770 -62276210 66112821 -13679957 92491975
-10442739 -145475799 -101596479 76626152 38659054 59871334 88071589 69890283 -147596636 55035215
-6615597 -27082767 69938871 -106591292 -113557574 96566634 46218637 106681077 -52482123 -97388175
72217673 43771831 -54603878 -95053586 105722482 16672604 -128044819 116918851 -106304364 -14013003
86261906 -48844177 -91985970 118766454 141981825 68213569 -124215283 -81882083 -31893154 -8096324
90965502 79670280 135869571 -132189279 -93559323 -60424190 56504576 89705729 -140507476 -107438325
-149188253 508055 -14053702 29485548 -104843920 40091063 16178129 -65676000 -79612405 15808986
-106556906 23365498 147239542 51616055 114440861 43197245 -26976257 86663651 84934769 14854415
-149335695 9416086 134188877 51049033 101199915 -22735781 26878260 79314850 115136164 -140797301
84228415 -24301248 -139935960 -119179530 -146581777 -57274260 145640870 148547045 131056835 -140139541
52608993 -95406930 -104386653 133060774 39908606 -111039352 -781313 100983575 92352692 -64531853
39505841 -141235433 58735874 -109493979 -64975888 135401979 41432672 -47769945 -142533279 -26312885
-148744325 -31819691 145369369 -15740826 -36996195 -2812578 149178155 1196647 89490062 -69200432
-67481333 -114660388 -28934005 -99351950 38911218 -16571496 72993220 -110162613 -93582421 -58992327
-146862207 139204058 77245786 -50427200 -12154145 38283781 -110606460 -71987985 104228365 78594909
95664661 -73668525 106059594 67885648 -104362742 112037315 141653102 64132136 -18551618 -101740558
43684714 59096414 -77800029 45247328 100044587 147714868 -33792601 24034330 -7316269 -60237644
55934646 133568484 4888282 -30585715 -54046580 116337501 -77475291 25590720 11480560 128266302
-84549269 -114814054 47279983 30445752 4653463 -119241274 79153484 73823453 135548721 -39226790
60812738 20578587 73813212 104314617 41273486 107126462 139487263 -126978311 -46712723 -90613257
92103420 -132607306 -68259412 143590075 29664382 -128231648 -63660963 -8741277 141838355 -56155769
132942493 35489232 -80024328 -45364391 111083539 -92697343 33342201 -149681640 -24284668 67837269
-19165180 125643832 10028243 68677378 -90707051 79952969 17287116 -19040030 -135948948 104115430
50447305 38233357 -75002233 -40910847 85493300 97642255 27393951 22689918 96484220 91162043
-87178765 -113497210 -61157302 -59977408 -83835023 96539340 123581192 101344225 -75262906 77762676
-115845574 90828021 -73284842 -108427046 -90924934 108095807 -80899875 -143636233 -14943601 38345514
-9478099 -141291814 -60729594 -141011915 -120586467 81051531 -18723135 -110277064 -49600739 86112908
28176540 42025714 80680669 85865460 -125601402 -21579143 -32986985 -68531292 -99032578 -93228918
-12704940 -86562401 -85967176 -31447012 65073236 -20611339 99613300 -122131432 63389255 -142508129
106379358 -145520603 -50041264 24340 -6906744 143114351 54665264 -3388837 67802091 -39492609
-147200316 122198821 -136751343 118224742 39129557 64825400 -56411276 -148914257 -54183225 40071537
126194227 20568330 -57962680 125229971 95998797 17519466 -28113819 71094284 148616280 46762946
-142950110 96203622 -60763212 -2099695 102368460 3707899 -66765704 43802280 103691469 -91320764
101212322 41114486 94398456 57204946 83096994 70269139 9803913 -379562 6537818 -9078965
-141515582 139025720 -110254269 -39509347 -127448975 61164445 8509748 50005279 -132620687 -58209438
-149417819 -21809021 50160948 73149825 87583443 147138118 53451373 36888397 -70980694 -63130466
-68008268 -109792063 -100523420 57393413 -131558904 99787308 139443004 -127715875 95315641 118050507
-10188314 23488483 120381331 -50139608 127377258 88279306 -146335217 35803820 -55235679 -57289466
82386481 -66655119 145526758 -40722940 -48698794 -106391836 34614602 107519348 -45360108 52537682
-20547065 -21760216 33287773 -106504825 -69578397 79500480 -72550042 -16393587 15487867 -14964331
-111636290 39114326 -18221904 -11094567 -1193419 82996533 24997395 -39088989 134996446 36451239
70415901 35613679 95536762 -5662301 119684787 -112575598 -62582752 147129953 -49593269 -102558219
147785175 84613568 124821852 -14626239 -25642652 80316275 -125206561 -139752085 84070270 110782508
95750695 66324562 102308929 89855315 28453709 -125250895 12558075 91908543 149531943 -103420581
149458749 57629212 -64752449 116900558 147799927 -126471493 64994298 -120733673 -129464263 -44312816
50254863 113673910 -8683074 137342617 4688852 -144393405 -120881490 -37586469 141266730 113137460
79723040 -146425074 144321813 94062932 135916617 118004465 -93881247 148636530 132493818 2776439
141751626 -130963804 82021658 123677195 -93440874 -128829696 84901666 16198458 -106574716 71979796
-102967073 112435152 -18193777 20551046 35949373 -45257108 19268214 -107353661 -57148617 35380381
20477045 -44047536 -135600912 -44176828 -16953490 -108590572 -95411359 -140219944 -18138995 -65822555
124094709 44946645 -139692360 66410273 23913137 -125365817 106427739 39539017 111041226 -11410407
96051424 -136001115 -54956984 -47113450 -3357078 104820647 -138005512 -58626296 -139630712 18377896
97856188 58450788 -47422584 101878862 -92259072 38186957 -22094930 105697295 -52574625 112612748
-101794848 4928739 -16090806 -22521667 -86029998 34600178 65510558 -49349552 76737216 34657360
73140530 63672292 -122645441 143856477 15253015 -40790002 86870417 80876474 100893787 -87740641
-133788955 -21952635 -33222874 -35279965 95298413 96393290 -46768233 100263387 48254109 106873367
127535572 64864718 930483 -3977185 -55232069 -29931462 -85925367 -103725268 -4665208 -139625312
104548436 -95592976 39320075 -69548405 -84468311 -32461130 72202875 136758340 145106881 137066922
21708054 67118116 -50763095 105723053 137047776 21431658 -27663175 -83903905 -23978322 -14684001
-20376282 -51109121 43601624 -70358086 10838977 -63968198 -86925734 -142517456 64010084 -133693213
-29227448 37286843 -128890370 90484639 -8369328 21292420 -90810929 109538813 14590260 75153761
66046951 -11906290 47596167 -5672812 131804837 -32676631 -25691123 -127596862 143838219 -73139014
-60352958 27161496 -64523779 38666940 70493586 6066332 43040069 109629081 7905934 88134642
137600414 -121986686 -52048594 28794864 19784040 -97522979 25548598 17218442 48343317 -59730265
-3609611 12748458 -37769227 83903854 -106757281 -28071226 -81853147 -87625550 109623700 -79260715
40983285 -81356447 -12644073 -105047716 -121495928 -114528304 3122778 -26216688 -87222634 -24673681
-145207833 126951121 104443954 -146545978 65516642 77816911 42477873 55028729 126490583 -70306563
90181143 -57992557 -49694121 -7957141 147693008 -123618158 96119822 67896314 -74157358 140759923
-44710188 -15452150 102659754 -131390824 52054098 132108878 129428524 -50214185 104575337 88368594
-90144259 -124996941 -6606845 53471159 -46776080 127622381 -1854722 -77965525 -107397907 -49631445
-82201587 -93613885 111449959 75461620 -74285267 2453733 -33359525 5025787 36459665 -92196365
137024287 -84910534 66602961 -145147676 -7518106 100945183 140677840 -26997266 -74691526 -51725119
-36815411 4747615 101605965 -76737941 -62957200 21151034 72316058 -44542140 134277618 -19515033
-81481372 2721431 -118461410 -27741934 -70574588 -56728960 -140263950 64790731 70274216 -2881591
105520312 -59767572 67657133 -71799153 -4240967 -29114556 -94841153 -21497341 16322362 139123406
-4306640 6342520 -144708846 137705193 -85001787 92537456 116417123 50920898 -82149049 119904367
-77704358 -36823196 -100835570 -69828237 -117619170 -7421099 51650982 45939477 124181386 -147295023
-102488667 -134155132 98003200 -108168392 -67065405 77792302 -30239169 50338077 143204776 127364364
116666189 -59415817 -18144679 7484888 122962639 41077698 -59554398 -51280429 -22854119 -109871963
58975538 -146341698 4309917 128144398 76902045 61365321 62376966 -141707729 -132413860 51911039
-44996450 -88093441 133489371 148284203 68738341 -94300304 59875492 48143747 80655821 -19709483
-23966645 37500807 100155263 90657717 99370193 -123061586 98708071 -129617162 104252750 -102135792
135559595 140544470 146180900 23952871 -4189913 -99240904 -38053115 -8916082 129497892 38239972
-87197558 22774558 -2088454 -131528852 -141324058 20946736 29080873 -87890539 113496854 137051431
45476904 -644318 123235506 -44005923 84513044 -13266725 96991635 65260462 -53714694 59024771
141259580 -124840599 107570255 -147790495 -123043971 69354954 53079346 66213418 1796659 51746672
-16478097 -87472571 -61578185 -20206319 94313627 -78363553 -107783087 19036992 -74643993 -4661220
-58116399 -114339693 -119393871 -102419523 -118283650 106662991 45142731 133419714 67106253 13880511
17303596 114693754 64450095 132334303 -57785750 107905982 -82140138 45870174 -128113945 -76749003
-32978211 -142908376 42510495 60010812 12319125 8861889 19573311 -32253970 -98003712 -142900435
28951756 -70861758 -111826879 -146765769 -144165618 -33767256 27384853 59899186 92321840 -133863048
63870972 -101710317 -39124259 118631486 42710440 48822487 -141283305 63564086 60054153 -73191882
-99313894 97310597 -86608212 135213626 114992322 55251988 49831450 -137895925 -22907786 137925076
-31924781 40489178 -142032315 -94661307 -132196986 -14846073 -109339329 -48931631 -52236518 104753988
147511611 -102374321 102373880 99300570 -95835138 -127285571 74801386 114735080 -41760469 142653797
106910595 -114964200 132901768 -50916396 -144665187 -37814318 132608421 80305535 -11944124 -90999526
130474789 -73055622 133444799 8722433 -19187609 48779531 87229721 -134324829 144521613 -35029673
-146830664 -5560448 107727569 -85070417 -73325681 57236668 68578982 -127128532 97938094 -97221740
-102244009 -86788099 28268879 -80405535 74613748 139001167 -83859066 -82738835 29178266 -80563810
-80210329 -19121408 -65384972 -29378625 -2355387 -111928331 -63636928 106184143 -85906644 121319682
23224050 16700793 -70990471 -72429544 -23266569 116787782 101493091 89848112 63651842 -51093265
-50762205 140624219 -35830185 -83249137 104500595 -51916337 -36318125 -127855493 110612873 -22910244
149771206 147199424 48214657 132102843 83751199 86149336 2542608 38312756 -69944563 85438707
126416798 -122556885 88259311 2559125 50277693 48627088 145862586 -137698947 13997566 -53948317
134996416 -125031632 19384401 7913887 77542878 99428790 134269263 -138451541 3133938 31669387
114510172 -123108185 104388159 -44088425 63815764 -59215757 118543827 986921 60301528 129909244
49235101 -51554987 34320788 -63148636 107616891 112844305 -101773461 -102576132 -66405771 -19410679
6968208 -107915172 -29394274 -126763316 -131258129 83125501 -79927605 12360912 111359478 40212189
35274087 44108238 -113557359 -65514615 112299263 -98900987 127881084 133537272 -81469247 65829488
141724056 -146311984 -95106071 -27277995 149766343 148437624 -47299791 7851144 -101088448 26229640
101888016 15085231 -14124057 69276705 -144719131 -33033111 7372950 87413079 67554842 -10521615
-57139248 123130942 114284707 36965587 -75978438 -138299656 24091698 -5128756 -91625282 106383745
105579644 90662775 -47510820 29121920 94620134 145519901 26716053 -55100342 8393719 11545494
78648495 89685085 146897699 -109584544 57213054 47565681 131258886 2711250 -32086497 119408186
-41610092 -77428300 -107595491 -20829390 137109659 -26249429 2179220 -27854794 21984263 -65031102
67860851 -51139666 -12683988 -42386277 115127956 -92391106 39081627 -54934335 -104517071 -116067925
128253214 -86310843 103851390 121222197 116110892 83897027 -104249318 -144840898 -88709283 -54672574
-20597345 -65812677 -63429314 -147357866 -48855914 -99986598 -125392238 -43177228 -115137472 129096480
-94165643 63428436 -109223725 -33358445 12389392 -25614096 -124835149 28732763 -126055493 90007793
-7494096 -22476529 1542933 133339570 -76241868 146787445 109800428 87661745 33428991 59992823
59488671 111954439 -26825977 130512696 120335935 -106704670 57889842 -126390264 55988166 15381154
147960066 -148995863 -88340328 134431177 -30530174 -109399351 -40120715 140428135 144677242 -116722653
61804102 -32869984 -69097605 1909088 89703521 57029052 -9943698 46240287 -85475757 14419376
-34407009 32275910 116168164 -121164435 -62283514 -5159484 -105145001 126550607 -89386739 -113040916
-126909825 125819867 -68254250 107522182 89107989 -82766153 -121994340 -55498563 72350426 139891270
-49218411 32780216 -54472545 -101174554 -63500140 147871622 65006735 45326773 -57963058 -8037003
-59731343 -83281144 -60477438 -52848085 -36821026 -34088966 121615331 -131216187 -100602189 -128480009
-395322 -3219440 -104498446 -131667557 -125319240 -51710949 81784378 112813018 -36769872 -8270919
118313727 -3800711 61631546 44148115 49050231 16169438 44826111 8215929 111138574 -60551066
77149191 -130537636 47369672 77233380 -103285040 -59849769 -2654343 58664799 27891757 39033718
123275696 -80356388 141857618 -27811935 -53729384 -39335034 -104751217 141177683 -3434149 52075368
-55701089 41027968 -1003097 97903250 102739893 -44646516 -14113121 -4688772 -127867588 69366842
-18550927 -68921522 105885361 -29834896 -146172355 106055315 115304807 -65124835 -21315501 -94753939
-115132297 25357452 23331653 -41496763 -119275233 -94507550 -112513723 63612626 25129278 139972911
-31781956 135807217 54601584 -31832228 45330473 -18976817 90452820 146334362 50802522 -42029807
-74934953 134671914 -49190531 -138510801 -140079380 -22027837 120350373 35101417 35301784 106319366
48490317 -123028460 6681615 145884399 35285347 -105106833 -53755544 -130093021 99500907 86743344
23618669 -28030961 -19764071 106632880 -101406375 -31389655 -145747420 97073687 116811388 -68214547
-5130161 25021091 -133000352 -5648070 114619129 50788662 -238163 72311697 62797357 -128927236
-106082124 90698472 8788016 -34278610 17788752 -125211689 -106500484 92417569 -88338809 -23177853
23278480 50354008 -87549305 -35128320 112747928 -65435078 -141520988 12771240 -83953895 99602425
32248259 -24696246 -35035246 -69334623 15280171 117262019 -57320758 -13942841 109628390 33009583
16390570 -128437820 71637985 -131103273 -83587100 -127879951 -69208272 -148205076 -97924879 80127634
123692731 -13360597 40521879 56855307 -33393330 133413658 -25137447 -43857866 -46095371 -96600162
114625085 -26493105 49573185 -79245359 -62464458 41257760 92639362 -36353350 19046564 118420620
19308905 -62992557 -30016591 -52664711 -76175323 -142826534 28538628 27801482 -15520184 72092520
-106161040 -24310658 -7128811 -32625346 90595739 -85086140 121461780 -132298834 27326427 -212209
-2699128 112870273 -41792575 14649906 -104973051 -26851055 131846541 -21585990 61751495 16026571
8732996 -40159544 43526045 -108412158 137492067 -84222636 143318332 -54379084 50108219 630204
-132798437 -7044060 42953699 101419227 -63803355 -14657214 -83401650 19341355 -104800974 -49989036
90543754 -85193419 -143325299 -9539547 -80567081 -131388016 146402994 40225931 -5003579 35130384
-103852260 18160606 42587403 -125135181 67345226 -137863024 -106552308 128664040 67992420 -5401471
-55055141 120913636 -4134296 115777472 -25290414 -63215521 -141467804 125884943 122433725 24486339
123509023 -139731352 1843238 -63823603 22893995 -140848108 87016257 136687448 131395950 28014476
-80611830 117786462 -17953446 101401872 -71630953 27577501 77240188 93840177 -131014607 -38472922
18048603 -10332418 72889070 116539189 -116862067 -41175252 90068477 -17015162 100105572 -92490874
119171745 35203720 134872466 110189797 -120256473 -135330903 119686787 16413698 -115640515 116019752
7389238 49853822 -53762544 55563720 -19083419 76471700 108474346 123306162 114440831 -84626203
73731051 -76190600 -49586204 83408164 -65034120 35528350 -5341939 135853137 127268883 -66159742
-6968239 -112976510 61842221 -92013555 -72188381 93216267 -22624733 -142076739 -46009991 -109691102
10596648 51290912 137173729 117463530 -61565212 -6241223 118217655 45092355 -110527403 146223934
104640137 -94288447 -73324848 -75353184 -128978101 -5429509 -93316915 -75801699 113751492 -79829067
45427661 28826079 19523172 149770816 65521634 78390565 -73982142 88784457 128523010 -148038713
-97679974 46895171 78413016 -111698274 42531160 -144078893 -132242788 -10981294 -93690263 -111876396
-139661065 -128342308 36711752 -9135318 -137745878 123715001 36906838 -7135027 92573627 -78107084
122284218 46814267 -34389113 86484674 -25755095 3423959 -82648679 -87074710 39882257 54996676
95077115 -40121320 -134520304 108606259 -42505274 -64509160 -81701543 -90979957 -113762751 -19920875
-11021787 -8884211 53388367 128809765 -67063109 57628348 101565293 136056977 100039353 -32047592
-82262677 21017948 130938326 116498296 -3172899 141085171 101899787 108232915 -37615595 33194614
118563446 -40325703 -20109073 -48770060 -115776437 54054328 72488085 41867806 89036552 71049789
142873061 -142529644 123237380 90843 -147484070 27349633 81151202 -96236954 -32004882 -5170687
-87762124 -62149720 -143857166 46219380 -32637360 89177549 -21545895 -14001814 113570814 -60869625
115112306 27462035 -42103466 149151183 112560094 -112054485 -92076878 117779634 -54360663 -21859817
-2572329 -84132486 136034781 82700075 -121207748 -57913640 -47945723 111138594 53327371 -68367418
-59994169 -98973427 -34501268 -114996102 70340751 19211495 129116741 143781328 68396807 94000691
118333024 2693657 -30183412 -38338335 88356938 -137623128 25336244 -131282580 24056754 11666173
-88176497 -51742513 -93453318 -136705897 -24685945 -126809860 38208993 132956354 -127141354 -111557358
16572190 -94665290 -128729443 -53003805 32224927 148000591 -67479733 -93514447 113750412 17614895
139592950 143528535 69727914 113653228 -31439691 -31764392 -82935899 141783096 2827861 82992024
-30204579 -147764096 -60061114 -97770088 64195172 -124084147 -48406009 -23431707 -15723786 42642101
-86204021 -136236106 91598865 -66290871 -20647387 -46385521 128319076 -53864901 142836244 59060474
-12867227 -48767684 -4787690 41970886 97441080 98655558 147549551 -145933809 84074177 -62509711
-81614710 -56870260 -39674030 -9191641 87022645 -78580503 -149859446 87823933 -87261764 24003245
-67603874 -19027229 -9023270 81222992 -132093458 21620057 39192043 91619747 103360569 -10377138
-25796990 98306674 -19041226 101743152 78058474 130359043 71569462 -47084995 -71226001 148602018
131802022 -9706492 -43934571 63021488 137747259 413565 -28579357 -19726307 -18084591 -74882383
39896855 -68113104 -72031066 18795644 86172830 117353551 130302992 -65381940 -120410109 -125052387
7306813 -52146719 58059341 -128942205 110885231 -59273581 77555655 -1167657 -104669785 -48067879
-114520434 87644151 -65711029 -132777123 -118441812 -80980214 -17131365 -15932471 134793094 -143295018
-77898397 -46707693 -149776266 -10010945 -102148248 43116158 -7601142 -81218530 -93607088 -149267977
-15123746 -16849054 -53535290 -107277670 -38278978 -145799319 1685413 -17903302 108908782 82635430
-102884763 -35303859 -103824495 -82064902 146200434 67399687 -60508877 -110027216 31290242 25598631
30897682 17989992 -64885586 95595453 -33366453 -76390904 -106485278 -96364878 -2760041 110119384
-103612561 -101006480 -105540440 145764872 -100031405 33844437 -37063945 -134926727 -31503054 116308536
-51265506 -52329438 137592090 -141340341 17753936 55822319 -121654374 -74209413 122656704 48445271
95280660 108239447 -43273580 -1752656 13250229 -100100297 105365541 92290075 -68131659 21710551
-126726409 -71035088 -147472547 -91638437 -63846918 72097630 140706583 129532197 90008465 56273850
47489706 -107595990 -45693940 76438623 -80543415 -77100114 -133660757 122699690 -9162837 34430827
-42166000 130650428 -57350005 -90318945 -13503742 120778814 -23387921 114331219 122266182 -140313273
108661642 -77841631 42199582 -104078525 33408392 -107590591 -125817763 -140397288 110673498 113364870
43443808 -63013337 -78332594 -53316761 -128142232 -67450580 -78664200 -80115872 91774647 -79036936
37112362 -132573382 122502969 61639910 18418637 -107429437 -77054162 -105276102 -14515348 -30558288
66290530 55978439 41215480 -70365145 89266376 50287214 20897205 37138660 37544990 138428465
-79985278 -112853470 -118890785 15062455 43984111 -71206711 -38380818 69576490 -54501128 -56161948
120468346 -146035234 145964184 36479408 70492190 -116628796 24043624 -142111135 -120986985 100841345
-110281311 -40048661 124225205 24814706 147866370 48522433 -102448067 -111451469 -87515829 52432370
-37057851 -13394780 -131499742 -122996425 -50389973 -68363661 61805432 147964610 112608922 -137628599
-25997469 59176900 -23241619 22653616 107375728 124995965 -54384339 -99453096 105783075 -51530310
-37297575 47792072 -109011985 82763878 -141817980 50714012 110879520 -105282921 -104849611 144313513
-74963847 63647031 30615439 5072313 -71511662 -103055239 -50367629 62532049 45751864 -125180806
37950729 -91922542 -67515737 66615091 -87590865 -83548780 -111561141 -140634968 2736433 -101671211
57022095 78554689 43773889 -136832470 -112483517 33109140 -23069076 143732572 55967994 -43314648
-10532368 7048439 43959605 -141988261 -83893507 -63718385 121477207 19665997 121916995 -138393342
126956854 -48247824 113469120 -31212670 149936449 -37774270 -48291202 -117049215 -6953487 -57898820
64419838 119947707 28629954 -121965093 -53442339 -125737671 16676250 -7509125 136250543 -21738256
-70535129 123543902 113699242 132520530 -115241673 -93162090 108188754 -40750691 4528775 -104611864
148101857 -50868689 -753829 38711006 -73818960 -94909568 73814965 90333851 -134647229 -128797587
-26780012 -7156235 -117234341 -8813640 -17285667 -52055357 74752692 52611836 -110295509 96726892
24478216 -69242966 -28951859 34940536 -18818904 -41026228 35123278 -98039659 43699755 95444590
-117503579 -122306592 -13212814 4472151 53511624 92381306 30362382 91204319 42643487 -32735864
-136217057 19374011 114565931 121481362 -62272785 26489188 -117734263 -96025241 105349298 88609376
53353791 -92950566 -96264435 -101753345 -120593314 137996166 138452921 40077477 -99171122 -127451421
12930268 -43537922 -76276514 64075540 127567827 -134523419 -63077806 -46400775 102656187 -17915566
-114533885 106797232 77486386 -118287478 7231118 118733237 65104228 24716560 -101270887 80978408
35674294 -72862548 96770716 -127474678 22360499 8430220 -23880022 -6902959 -11677495 -122018747
106106766 123735599 -69701492 58698145 45013069 85335235 -46039071 46620331 65939107 -140351746
11580506 -75021542 111779511 -34332494 138757632 32407467 -141813769 115781863 62273655 9162834
-102483484 41567945 -20957099 -91822230 -41075206 -51996719 -20932316 29436968 49663588 -2802543
-134015497 130703481 130810500 -125118290 -142935883 -145469649 58101754 36536203 -74306909 26218263
-44500247 148261967 40066180 124947953 -11016455 -91425630 57867490 9034389 141960726 -51950155
17870429 803131 -86939388 131672287 141451127 39924306 -74060477 -141838626 -121341859 -7336867
-8002350 69660533 46000964 -107291523 135297076 123529868 -52786298 -114182228 -108267317 83432365
118980311 -130293723 128371248 -110520028 7895146 10402861 -22352713 -27321689 -128574409 7182459
115581285 -18948649 -137381030 -80849428 29205729 14430313 -146443647 95754382 -122401791 -21007455
99117068 22123150 -133491101 63755835 -113850556 -98872302 7264987 120153448 -145324781 -10729014
73371839 141906675 147024059 -34490924 -99491280 -118561840 -138639017 21968881 -79294316 -147158140
-62260236 -65518463 53027811 -149393086 -9461488 68088967 85283421 -119073619 5067291 39023834
-91727968 48101077 103966089 -104669392 -114021474 -135676707 -137292725 119096217 73345587 144767799
82048601 -12441633 128372193 -34721655 114352397 58108703 -23297869 -145478710 3486573 112609707
-15779830 4938814 -26070929 42824646 20121823 -109654376 130218017 -7910687 -54942685 121702565
-103725672 -50324281 45062010 -13659520 -87515264 -15261882 13999684 -145613243 80509060 69110432
49571134 113718739 -7235971 73524680 -77304575 -117769063 85516260 9605834 -109297608 17496759
54170526 -143941186 1363815 -65718858 -135073160 -114061680 -85305687 -129746967 66586402 -83362335
57055862 -148354133 -21582239 -53862468 -28161660 136885852 83915964 27519278 -97071031 62130018
-29316091 2485262 -124188468 -63543781 -42554799 -68151338 -100844305 80808306 -39965417 -48816517
-115657598 111551361 84140465 21162035 57330369 19340828 -51157990 98806375 25429636 -76686324
-128916676 141150060 128278163 70060033 -144127324 93923092 11307049 34862499 120343690 36806492
21356087 13711257 21925163 33235611 -129850287 -98574547 78076273 20347900 45972426 13308148
64716366 130752535 115469432 27241626 -121653585 111034334 119395610 80651260 -103680551 49239597
-120455035 50847247 -80416926 9059675 146074066 61909063 143449095 -89627635 116559854 -22396727
132449842 -78027344 43107173 122566402 41392418 56735776 124294628 -132320279 134185139 69234693
31929103 84086875 4873862 -18878536 -11900162 -100946231 -34541276 36726768 -8831651 -145000703
94046533 94018225 -93140840 20269032 -136302003 -38410577 -131765823 70009726 44226156 -56795698
70820431 149767954 141421578 -113690015 43921512 136356342 -144844587 647595 -70662255 -118337364
137739615 4961534 -44498268 48064419 -93552458 -72569876 124754158 -66115324 -115473608 -66462404
-62262215 140465612 6618939 -33550150 117469791 -6143908 -11563038 148961765 95439696 1903761
-77919622 142457294 114875869 18979097 149994477 -116909219 77067262 27931607 -51737257 22237592
112158759 -132428827 -93821389 -122729014 -88420623 108630978 57180816 66767285 -40717163 -108282319
-33885888 -140976396 75923291 84305821 -109113645 -40646164 -27808810 146977752 719380 -118226784
129056862 127959475 61341116 -23570396 -127830120 88601219 75881724 123162173 12290555 -146411095
-68583970 -34095952 -97168896 43244956 -139689299 90508703 16777947 117630800 10769009 -138802112
-82405935 -118146441 -81263338 -94427379 -97299040 -122359137 -45196429 -103878237 128986848 60359994
-46949370 53019140 -123585573 838819 9085038 -17324797 90771673 128758273 -131029008 115784889
-4829064 -128041286 -65459485 -140285731 54330077 -26909406 116174228 125830469 -61402673 -23195664
-9339854 118727193 -147050673 117518975 -92175691 98891679 -127220397 -129406204 145404338 -25553471
-95181316 -24099651 -18609707 52379102 119517007 -114771794 -84241903 149854636 -41133923 122098212
51606310 73019452 -1976719 46562610 124565802 -59392972 -134366941 114614601 -142613341 -135504535
-85527666 38537560 -92667595 -7949109 147106479 147958881 -72589530 56392024 120376441 387886
-96026784 51944469 -46658409 104023009 -139188784 -67201603 -99527377 -31806090 -89789795 108797932
-65867828 71157059 88827680 30918911 3533371 80458683 135321381 90562822 100716632 -57066519
-65508043 10163554 84138588 -13561500 -115478683 -127742269 -83552420 -114394625 129188433 63788401
-16210796 -106448896 2876416 -1376841 -127573808 -15948676 108533606 19450843 16223936 138684052
-78941936 -89745879 103147517 -73692556 -892677 -105883474 138123958 109903877 -12072323 62759161
117646736 -93677834 41191815 -110253769 -123314300 -32444034 143792821 19275995 -6612405 -50150682
27952576 111738156 105379825 68334422 -24485423 -24922861 -80025568 -46785415 59236164 -56792163
34888012 103264284 -53570508 -102178642 -100936588 84281512 148241662 55298082 -138271313 -39760155
-110375364 -108544405 115232591 -104587003 128577032 68016770 -104061109 -2525588 -81791675 58648921
73942359 -149057062 -85859227 59765129 -32160374 -29348338 -55310459 -70894297 114501268 -14932419
-47004118 -141654541 61942236 -41146932 7635843 -115140960 -9564359 -77891782 -75718505 97540
30265001 -118274684 130077253 59417950 -15222840 121900437 130070367 31410297 -35205315 92869310
-140236695 -13851736 -17781989 18982560 118347175 -106547212 -16596308 -56608842 -89710925 -35574076
68008862 -113196710 54630281 -64783953 32622603 -77608126 109779576 1055166 59196647 66187642
34814821 134142698 94756197 -12296490 100532845 -63132676 91264782 -26689259 138966274 126445926
75011942 -66908287 -75807496 7353659 78107911 29436510 109373788 147273899 -100511455 30286130
-43536627 25886916 140450635 46585361 -143408790 -46300282 -66316711 -41497660 -90515963 33429772
137484690 -124765240 17379047 105297201 -47731715 -7069845 129902410 29732725 47978574 82787717
-121571800 27372599 -127057526 -90075057 94072060 84913161 68529546 -132294844 -84695277 130184970
-15635052 143080351 148833085 77015528 -32454458 -56511765 -75899038 -134312438 -57257916 5898080
-144187584 -36565987 -72760514 19440880 80117430 20972287 15680155 30510947 -1664083 131904101
103360691 83603290 140498409 135683111 107981235 -136521830 -63192563 -90139154 -53001109 64427231
-109176085 68279925 122640508 -18078711 43194058 -101712181 -116190435 -123385520 18719190 -108351742
-102004841 -128002780 -57639512 102776583 -56268676 -131532704 143411921 -62243254 61215943 61892122
95514782 -8823785 145016113 21973680 -105391000 -119965412 -36080574 -50708519 85690880 -110555196
-39186874 -122303717 -62732290 -35208959 77301354 -109714455 -56545754 -145339286 -141991525 -40121535
139021611 48057975 -115410840 1097161 34469983 7790514 -34624023 142227680 -62100655 46145939
102134525 109360036 -98112236 -47982865 66107919 19742898 -30208666 93333547 124215818 -58808382
-82495469 133799940 -80165766 -63845294 115750259 -38564930 -30022119 -55633451 19816400 113502613
-135588172 -14251145 116946993 -145251266 -133475126 82511744 26148946 121685555 105053965 124752924
134276801 -101251684 146798307 39734412 -140869093 -8853151 57263741 -93887203 37562556 126148866
58547953 35846421 57092227 -22618199 73409729 -91278687 -130627523 -26508281 -65778016 16886098
-44238406 107792358 -10580775 -146690130 -108517281 1205324 -147765560 41552028 126541757 -93196188
147127109 11951518 -93762717 93462456 -4479866 11185086 47115376 -65442726 -93464987 -67191770
93841604 -72752597 33222523 114843659 76581494 19839133 21555528 85726586 60089692 -91222267
90090969 -12699554 -4700794 138549026 9944878 -88990666 -141054618 80743592 1720727 -79490051
-60833666 -113531022 -71178644 11510639 -92885957 147119883 -34256454 134369617 -91435843 -1583591
-97724307 131236139 74749729 146811104 14656058 65990862 51809536 125654144 142421009 -109590905
17573674 101981643 8565560 -60931962 -105089491 -44992299 -146773014 -49138892 -128760492 -7905095
40343573 48345867 115448528 117771345 116676428 7438285 -114032786 86034965 14509748 101808191
111387162 -102974926 101063053 -79877945 -99400806 -57509615 122049619 -77613394 123676284 -103852448
-39853920 10026016 6940518 4287322 101736829 84507145 -55816578 129935943 111746731 -95361129
30333241 54606436 108015385 75492626 108710226 62963398 129376242 -36809591 15012381 -99228120
-41478684 68105344 -132707578 19827413 -82317009 -50863578 -13607660 70815784 -125649700 85922901
-9317311 -81304238 -32359303 64253243 -108533539 -106874698 51072436 -132179047 43201674 -122484221
121528615 9961056 31317784 -113651449 124105643 -136604115 -98007297 80386616 37776242 85256391
11821216 -15500415 -149680685 45794336 -30121865 101969850 -67471452 -111466062 67519832 -104562648
-73032376 148538221 113368266 -50486455 34772548 135945922 119803652 8714142 -142868414 -37405505
-28256923 53627035 -30796889 -144185588 -30769139 -66723601 145482770 67181352 43069616 -53158710
127163954 30557559 -122609045 41431471 145994008 91354514 -50189145 399146 -61664005 -133175978
57699200 -53760247 -120395298 -140660427 -66742088 -83032635 63046921 -19308848 48898887 107781650
-8735651 62365833 -24327845 7237044 91782753 97700638 -21317191 -39357298 -122363234 62558801
65912569 23836828 113390744 5418921 87158062 58460779 94468495 26841890 36483103 -135773581
-122974248 -119338096 139096940 127390114 93135884 72742361 130416608 -1032831 -116833028 -105323714
-136238348 -11080708 -42783802 102047175 -102978829 -74481597 104712635 -142158389 -6723717 -30214982
115941054 -95457142 132939113 201275 -148611726 -5916981 -135478369 68252502 -41942959 -44213510
73002367 -70486037 46725682 43972105 112043716 -103674895 -25487935 -107788908 -107682506 14365027
-78864601 109699701 81764073 20664088 49043301 -97563922 -23642273 -19206374 63265526 110416719
1350255 -126298775 -148482680 -85101098 -133089510 119829738 80487535 -100059928 -136752050 93058942
65196504 -1926731 -52480164 87743536 13199891 12147488 17512800 147936746 101202553 136752495
96392315 53958633 82697949 -146636586 -131363273 75107311 -4007871 100915902 100706800 -121077300
103494935 69440150 -115528102 -76027614 -56502147 -92925229 -74229613 117802223 119672544 32347190
-18300702 -140147078 3907601 105464800 -106876711 111903778 -132764948 -133995478 -13065751 111863266
-114216874 -36972610 -78289113 -65601775 102822074 52242365 -77387350 49079374 -112580398 -96380377
46452840 144764768 -53786811 -85452152 138066104 16467548 -96388594 98461246 30077431 -41244859
-133049302 -45731901 -124904094 -93251837 -111695035 -61238962 77332433 -20764096 -100288056 52490925
-132394854 -114111994 115931078 112635147 12673661 47967929 90743991 79017334 84213122 72412881
-82597801 27221192 -42272139 -61823723 -136942326 133691684 19934247 7665900 -9831121 122769553
-25837967 68462528 109906926 -104513265 104769799 110354304 124289172 39138157 -88008122 -57815972
-81147298 126483204 61949246 117849410 -37222818 4860190 -84452684 81660262 126713412 -127175568
33117058 51090569 89070223 132527259 149470236 106216039 -66841792 5408068 -49092039 1489458
36836519 92158334 65247932 32025641 119451083 -15568108 88014592 -71352919 -64290858 -31733657
